t,v,ep,epe,epi,idc,mdc,tn,ctl,ctl_ua,bn,p,ab,v_l,ep_l,epe_l,epi_l,idc_l,mdc_l,cd4n_l,cd8n_l,ctl_l,th1_l,tfh_l,ctl_site_l,bn_l,p_l,abg_l,aba_l,abm_l,mr_l,ma_l,igamma_l,i2_l,i6_l,i12_l
0.0,1000.0,5.5e6,0.0,0.0,2.5e6,0.0,16000.0,0.0,0.0,33000.0,0.0,0.0,0.0,5.5e8,0.0,0.0,1.2e6,0.0,100000.0,33000.0,0.0,0.0,0.0,0.0,60000.0,0.0,0.0,0.0,0.0,400000.0,0.0,0.0,0.0,0.0,0.0
0.5,931.0082439807228,5.499689668698592e6,255.72405613394454,111.56592096861208,2.4999501838992205e6,60.62328356101929,15999.820719233318,0.5594004141785518,-3.970982637350251e-21,32999.97358796382,0.30671737010830785,1.5944980488005197e-6,41.41898631092237,5.49999992290092e8,6.867361423485228,0.796776756816135,1.2000000025333636e6,0.0,99999.99920200791,32999.9999944355,5.548596520909377e-6,1.6610026940813117e-19,0.0007951034654196199,6.029923188263258e-51,59999.999988720745,1.1122100576098342e-5,4.901479700257679e-12,5.703814897885348e-12,5.289654046493262e-12,400000.0,7.30703238995136e-18,1.1413008102361438e-14,9.39739427815667e-9,9.478177346052654e-7,2.5006522399132877e-22
1.0,1663.576643799889,5.499369564331735e6,468.34331618521685,346.49198716702523,2.4998867838333254e6,129.03736276440145,15999.308907641935,2.141654494634101,0.0014399107484632408,32999.89818524149,1.1466040711095384,1.1694687240970568e-5,98.94781055633707,5.49999968581539e8,25.379382525013675,5.37643791408563,1.200000005695476e6,0.004324821920382971,99999.98241013131,32999.999618833346,0.00037889363256804915,6.807020869858636e-6,0.02019243898258528,7.553295839536626e-9,59999.99941255938,0.0005709361342964855,5.136257708898749e-10,5.961297481998207e-10,5.521194679055799e-10,400000.0,8.56582072994799e-15,3.075213082777263e-12,3.0504688547541304e-7,1.1732867062226625e-5,8.277663170347737e-9
1.5,3582.73112596818,5.498707043101785e6,943.1755286811124,768.0278645308298,2.499757458451027e6,268.72197660247167,15998.250313861228,5.393904956466203,0.010724252280045747,32999.74222062259,2.8371765402229148,3.9775726159674707e-5,237.5997847521901,5.499999122087529e8,66.77499401735453,17.826110496369722,1.1999999795482464e6,0.04445863144142801,99999.96898656852,32999.99588326582,0.004079289640837752,0.000779669075836802,0.13027508946106583,1.0768336352403432e-6,59999.99429494931,0.005465819779562842,7.429399170850229e-9,8.599953456393266e-9,7.954573017580718e-9,400000.0,9.009224289619047e-13,1.0536603113968489e-10,2.1585793904461652e-6,5.110387178843743e-5,2.580197260075417e-7
2.0,7715.307732726021,5.497254565610936e6,2006.0177499877977,1640.7577477219106,2.4994783347862223e6,572.2439814057014,15996.014868574093,12.244074654727369,0.036965342929621905,32999.41283668109,6.370572703877519,0.00010470202805738175,566.3833642358665,5.49999777000501e8,164.31363497494598,48.15878971856544,1.19999991566461e6,0.1359413885368128,99999.97278954535,32999.97788503573,0.02184776155648137,0.005596967174061156,0.5071299568109412,1.7700448558782308e-5,59999.97101814989,0.027394459648965308,4.9198315507419355e-8,5.6803248059801805e-8,5.247351526427658e-8,400000.0,3.7984688637872484e-11,1.5747512775496198e-9,8.793558558443923e-6,0.00015713205239102762,1.092460263207339e-6
2.5,16526.51504161313,5.494130504405401e6,4294.223316572862,3506.8366748773724,2.498880528100298e6,1223.300539259961,15991.242560208464,26.85324863242181,0.09831987485700443,32998.70951266304,13.8874943057833,0.00024750228955067215,1317.4429835392655,5.499994592313627e8,391.22079436804313,120.14761815356577,1.1999997628350556e6,0.3486572736055698,99999.94242978822,32999.91606545916,0.08269394642722763,0.021006296091734447,1.5584070369396938,0.0001260837146098255,59999.893447922965,0.09951329982910483,2.1776015803779228e-7,2.508154636861852e-7,2.3142224493913548e-7,399999.9999999991,9.396160210718035e-10,1.4960184760749005e-8,2.766021880319803e-5,0.0004182024671413274,3.125760224133057e-6
3.0,35360.74377107985,5.487449751020897e6,9184.221161183386,7500.396840071267,2.4976060373596177e6,2611.8360212025727,15981.052907084953,58.03166829792909,0.23413690746504043,32997.207147408764,29.91922435749675,0.0005562439979198006,3004.59519108574,5.499987287938391e8,908.5272835111107,287.35243688020955,1.1999993920211883e6,0.8500319238834256,99999.79739210918,32999.73772883714,0.25779284990566326,0.06163000120943789,4.228164734955033,0.0005848300135013013,59999.67328315691,0.3020430209519522,7.622244914471903e-7,8.760235548163185e-7,8.074271650084976e-7,399999.9999999831,1.7051059953103343e-8,1.1068838063211944e-7,7.600852530633334e-5,0.001037352082855146,7.951804962255468e-6
3.5,75620.12549720415,5.4731939080245495e6,19613.237214172532,16032.06160190587,2.494901756251148e6,5559.147167926092,15959.358946285476,124.3931496993723,0.5287687972438503,32994.00561099003,64.05287847637406,0.001218586158904046,6756.0460584209295,5.499970769947852e8,2070.872263690789,668.6889564396843,1.1999985163818635e6,2.0082601634913644,99999.3745616045,32999.270869595435,0.7153540094347273,0.16151992529036935,10.67523035687565,0.002112974925432227,59999.10225853853,0.8230913127199735,2.3040395436972672e-6,2.6430271154063926e-6,2.433813674701252e-6,399999.99999974424,2.5688778115176646e-7,7.069873566980879e-7,0.0001933664210914094,0.0024709852996303537,1.9235322389718475e-5
4.0,161547.72785759947,5.442881813431282e6,41769.988233588054,34212.18169684959,2.489218466386798e6,11757.061690106124,15913.452971652063,264.78422339181157,1.1617691743860772,32987.21755056041,136.36527356679804,0.0026318500247363985,15030.665352830207,5.499933861656284e8,4655.241618856584,1526.3070107682197,1.199996498267846e6,4.63563811128837,99998.29585237421,32998.118204566774,1.8438407188070172,0.3983405525911408,25.763338573671206,0.006530489951489276,59997.70035137604,2.094699897133214,6.326190144226978e-6,7.245332856591903e-6,6.6666085803956305e-6,399999.99999657617,3.43721895272188e-6,4.114513758350626e-6,0.0004689584964630545,0.005732552321514177,4.5127707330323196e-5
4.5,344337.31619576557,5.37891678010066e6,88445.25754300339,72752.95943840996,2.477510613194971e6,24540.719979395773,15817.532395799355,558.0228957680748,2.512583688394782,32972.974843890144,287.89505336358076,0.005627037754282777,33154.741345077986,5.499852160437062e8,10353.724170667872,3434.4844836666416,1.1999919250306096e6,10.518991626192237,99995.70602003585,32995.3794138963,4.524702852401011,0.9462553605996042,60.311679269491954,0.018220003253374667,59994.380819444654,5.093085306368024,1.6270178151531984e-5,1.8609360524284465e-5,1.7111885190197264e-5,399999.9999577433,4.242539091145427e-5,2.2481774438860917e-5,0.0011015750970449017,0.013054442754615014,0.00010362992698176215
5.0,730449.127936364,5.2460903690263955e6,185013.15107506045,153571.07086058278,2.454334200562833e6,49906.80263813971,15622.150510059604,1154.904822648871,5.3717487846722936,32943.7132073081,598.4385608027344,0.011899286607988457,72579.85726549721,5.499672731388922e8,22827.40635918549,7643.375290522177,1.1999816861525297e6,23.56576013246732,99989.76426935493,32989.04884584433,10.729244466671615,2.1918064597660307,138.10527516804743,0.04741572589514578,59986.72123637592,11.993667116576415,3.996525731163913e-5,4.566144599318102e-5,4.1965035575112696e-5,399999.999508359,0.0004936480685112871,0.0001172942370893432,0.0025289353762657472,0.029321316786823884,0.00023430091234057934
5.5,1.5341150433885485e6,4.979395471834219e6,377379.73561913485,319215.6188315613,2.4117298200740647e6,96731.13672606088,15243.009971978428,2311.549434678101,11.338761761163573,32885.94499337173,1208.5173737020248,0.02474127367924626,157638.35718338608,5.499281681468719e8,49928.89155302555,16854.788291645782,1.1999589680549246e6,52.26871141550766,99976.81590126427,32974.74297286713,24.80688768964775,4.987196109552594,310.7177937531502,0.1175090105960777,59969.408766622364,27.578502384453643,9.493976647888387e-5,0.00010837533869843584,9.955951535182949e-5,399999.99454798474,0.005474710618581776,0.0005891363738356862,0.005702167288541869,0.0651512414849089,0.0005239033182674253
6.0,3.157202798638833e6,4.479444965931812e6,731870.169191909,643221.3081752621,2.342375047289504e6,173395.65396019025,14566.056412958034,4371.223832945007,23.468274172904895,32779.38783635746,2323.556689465176,0.0500066180608055,338958.0250825383,5.498437034470228e8,108264.53783528821,36847.97949594884,1.199908905554178e6,114.95695573133044,99950.8726737023,32943.143938630674,56.204045607293416,11.209888833478518,687.684288927634,0.2810752902099691,59931.04524280096,62.18244868985684,0.00021983959576568854,0.00025076725007666987,0.0002302874746917217,399999.9422868692,0.05795815797735717,0.0028497199510031496,0.012648565114810547,0.14345274237395672,0.001165081443767284
6.5,6.247126266617294e6,3.659237884472548e6,1.2919498600444188e6,1.2216992614311e6,2.246621670047609e6,279589.67060532875,13496.81650997278,7608.825719759725,47.00597009148585,32601.28800272184,4157.915086727475,0.09672417125546846,717949.2232435675,5.496635720961653e8,232085.45260337408,79775.07546557818,1.1997991902403762e6,250.78699511872975,99907.79034947215,32875.40438840116,124.96662840695548,25.085696512749333,1493.288043563177,0.6544969869639238,59848.07439583113,137.55490357690638,0.0004982969106928965,0.0005680406518169461,0.0005214915150777642,399999.4226632783,0.5798497690115605,0.01315653525211942,0.027548396152765373,0.3132100698021753,0.002616783981159542
7.0,1.1531071841896402e7,2.5965110624741097e6,1.9580975275174275e6,2.098232899586435e6,2.1354377110938807e6,401504.3933724312,12041.877807901756,11978.92736799522,89.50209291049858,32336.513424422832,6818.377487164098,0.17635303149895992,1.485188398653814e6,5.492870025115609e8,489037.002451662,170433.48938391695,1.1995600646980973e6,541.9811447318746,99872.45870121726,32736.961138075232,271.9990498861404,57.14535125015385,3156.8036720015803,1.4909699146223052,59675.1771989609,297.3672538472606,0.0011062822782394826,0.001260365408014366,0.0011567476954105582,399994.68262757553,5.3414053879683285,0.056818334087142056,0.0585239466124656,0.678489731328624,0.006258436296454353
7.5,1.9128009598150283e7,1.6309616758830498e6,2.4485522867329563e6,3.1230015139725073e6,2.02277396271278e6,519551.4196075863,10336.970337408795,17035.625790179103,159.3035429971383,31985.186568043107,10227.422686253185,0.30044919005802784,2.9687019757581875e6,5.485234003484083e8,1.0040460605937721e6,356937.5579148154,1.199043520322049e6,1156.0279325164158,99996.78416153135,32476.05493450336,575.4325114190102,141.88809347596373,6407.848027504491,3.327918312651654,59336.88386878709,622.2878528023288,0.0023971499017626263,0.0027291979872643528,0.0025040126376131124,399956.9243839746,43.28239490161214,0.22327998226628237,0.11989101923383429,1.4640063625060138,0.018136979729760565
8.0,2.76747217626343e7,1.04717106157673e6,2.6050673278951673e6,3.960235621459449e6,1.9175186597423507e6,619649.327083419,8579.259567249275,22151.80076348981,262.6718772233807,31560.764190806287,14162.88374622549,0.4780800555229251,5.68968234453068e6,5.47037661171376e8,1.9891447363406275e6,725777.3139340227,1.1979482947775035e6,2417.2995910569794,100752.98528547859,32043.984238616835,1170.8157576932158,435.6075208600087,12272.739157218097,7.262276187080634,58741.48519678675,1242.1555009079566,0.005028726508335883,0.005720319985216754,0.00524612068057382,399711.3813073551,290.13941948056555,0.7853655450231901,0.23408819205919318,3.194580742354821,0.07027126969242664
8.5,3.458541335016894e7,787050.1819306308,2.5662827948305584e6,4.356806783363043e6,1.8230154572386115e6,696358.7443461929,6937.630673571007,26801.710527334817,401.5454103588795,31082.695253964055,18355.237421792583,0.71441788460527,1.0453589914691558e7,5.442831379918104e8,3.7749149934477666e6,1.416849398380272e6,1.1957037296670326e6,4910.714714533307,102905.47904073846,31443.980542129044,2271.6991450228234,1687.811247159353,21815.930624754066,15.403474726847925,57855.61754734062,2326.8114991834086,0.010097713195485941,0.011472500194615882,0.01051523845075883,398498.49375875364,1510.550326310954,2.531491096009092,0.4352506360753027,7.241564739414038,0.3122317247881198
9.0,3.76015587125903e7,695245.7124318414,2.482269497629823e6,4.293635744132689e6,1.7397223712620381e6,749957.9655870671,5510.935405022805,30688.383472912905,573.4095774448683,30570.453560600097,22559.825183252247,1.0106783595557476,1.8494470342740476e7,5.394442166567898e8,6.823369051350913e6,2.623382728034852e6,1.1913145930778594e6,9613.536558404574,106375.17900384289,30756.57580470684,4204.59343848116,6579.635545783004,35491.38825486617,31.515765798559656,56837.2254029797,4038.043281033851,0.019188376057571864,0.021764169871163707,0.01993181057557191,394249.1854135944,5792.356818785713,7.829579730337164,0.7818081145862478,17.083461743131995,1.2461472804715674
9.5,3.604367514522926e7,696569.8974029518,2.3935645025865696e6,3.8980981966323988e6,1.6670743471837938e6,783047.7452407955,4332.756783367102,33723.845902839406,772.7453561725033,30040.825512053903,26585.25553118937,1.364799257239855,3.1513923062622562e7,5.315266186653048e8,1.1606502201195758e7,4.533324457942242e6,1.1831413293735753e6,18068.35539575733,108917.16477917395,30083.25630726902,7457.407524221568,19891.72385241597,52441.767644984146,61.89733889188877,56089.02134457129,6458.783583552022,0.034232043834582775,0.038740704885709104,0.03544052015978388,384122.2036012687,16021.652543633025,22.29107240697857,1.35342193484299,39.29706111030049,3.907834241176107
10.0,3.0916283298948236e7,769572.2114733666,2.294604780897199e6,3.3352572104634717e6,1.604324255852131e6,798530.7209616292,3394.0812757768076,35954.22864243495,992.7864701966447,29507.39086887175,30294.26279227189,1.7723039508346172,5.115069986935947e7,5.198264343610876e8,1.819796552103969e7,7.141834456002698e6,1.1685575752350753e6,32600.919880452588,108662.62341326372,29433.629755509894,12563.076983230572,43242.13825190351,70924.08225185388,116.70022432547992,56086.165969831105,9571.948919540955,0.05721256096659625,0.06456761516140548,0.05898726792876238,366665.07293882273,33718.67054628012,52.2375894953935,2.163030394275178,81.43877747091025,9.484777745272144
10.5,2.4130893014212538e7,913544.9944060338,2.171944939113417e6,2.742408767045429e6,1.5509351533466175e6,798692.0154885559,2664.9098622163706,37489.80341681748,1226.8294872418128,28980.99220432271,33593.27980173059,2.227067443178566,7.744836992054889e7,5.0447053587740636e8,2.5941462164716173e7,1.0004546977008507e7,1.1435915294722416e6,56390.43062684136,105585.374932954,28606.472378316023,19753.828302951726,73060.74792879622,89450.47976555784,211.09512031850306,57141.83702584572,13319.753616860942,0.08994399660278228,0.10117453435922423,0.09228345688612112,342401.1281246478,58432.353649500714,98.27794963511215,3.1182971511229427,147.8019725343012,18.71490559501313
11.0,1.748901729034195e7,1.1337149635489879e6,2.015189533443505e6,2.200376188155474e6,1.5068384220959507e6,784927.2606599784,2108.7933451513463,38458.49376779413,1468.9531176607522,28470.509862926207,36419.52863129625,2.7218916034640914,1.0709527481668578e8,4.8643764983509475e8,3.366017561357123e7,1.2278578964213854e7,1.1032100642831663e6,92781.55314497241,99563.38768222393,27237.490033758273,28770.659385339535,104956.78056116788,107021.15589308504,363.9279213350381,59354.684043489986,17661.637491528327,0.13405060330245575,0.15023777116433687,0.13679291605929228,313968.3343878699,87581.52556043307,155.47788762889107,4.109122820434954,236.13431804399917,31.539091652710177
11.5,1.204452231112665e7,1.431399228092977e6,1.8218324699933997e6,1.738102148594337e6,1.4725996177549926e6,757951.8002768038,1690.68515788109,38981.12690663394,1714.2859585368792,27983.57704345554,38730.01596513238,3.248890970924167,1.3348198083742401e8,4.6723958805132043e8,4.008153712672408e7,1.3191683830842465e7,1.0433237285086969e6,143158.69797055802,90628.3490897381,25069.10185147663,38915.02835920853,135687.43640259554,122874.29430375042,593.472067856233,62692.592699722496,22583.138251886474,0.1910450622883117,0.21327632969379537,0.19382353892681806,285918.1417397927,116634.71214579408,217.29199605998323,5.051593432266147,336.5856865999455,46.87448919510657
12.0,8.06131084802876e6,1.7974524634964317e6,1.599249614610152e6,1.355018040019909e6,1.449329188503901e6,718428.5583038926,1380.2530191424687,39161.310504696725,1959.007944223286,27526.980644461564,40495.15862088384,3.7997416242007254,1.4939456834037265e8,4.485191862539436e8,4.4205161037303604e7,1.2526320133094858e7,964319.0080422614,204094.0363597158,79664.37105787946,22166.276805160924,49248.886074096394,163174.22152707653,136459.93618950018,912.7042583448641,67080.65598403949,28083.341997220945,0.26239053823455,0.29172713182538323,0.26459865866576543,262931.5073884556,140882.89548719782,277.63564571416407,5.88952655311935,434.59219611094016,62.78601106695032
12.5,5.3334575265024975e6,2.2119636097836383e6,1.3620820629512614e6,1.0413803276480719e6,1.4381921133069373e6,667717.6137218332,1152.6617127553552,39083.37403047483,2200.227380134886,27106.610244528918,41698.17102509243,4.365875158953234,1.5056234056849176e8,4.316568449968114e8,4.555270793160071e7,1.0688727873882612e7,873396.3922094854,266426.11320581974,68044.53252948061,18869.387218629156,58884.35648911767,186360.60533110108,147521.53034610162,1325.9761473182523,72449.00735997914,34165.72879989966,0.3495263480439442,0.3869767010961617,0.3502874493198992,247972.77292309795,157294.44353867456,331.6635160424948,6.593267931593259,516.4802047630851,77.12636871163052
13.0,3.519568910365084e6,2.6496138698276775e6,1.1265272212440136e6,787571.7607873146,1.439733618405664e6,608231.6299663705,988.2280464286947,38813.853063032206,2435.8194868240944,26727.064910230943,42338.40582920915,4.938694852380314,1.3749709311709845e8,4.1752205295337176e8,4.421934024550523e7,8.373361946180417e6,782938.4226134069,318169.8672738803,56973.91436172074,15583.876592899152,67212.58041732527,205005.7085767471,156093.11524415613,1828.2776686351215,78747.59002232025,40835.726239351396,0.4538766259046204,0.5003725890247305,0.4520162926636811,241912.7177590284,164912.41266079084,376.0809001449926,7.156057138592394,573.7261218586948,88.17851220946129
13.5,2.321562343570431e6,3.085853130548124e6,905815.7322085763,585404.1709133112,1.4534784931044625e6,543186.2190455032,871.7147364292704,38404.06158079976,2664.2689760685,26391.234223264924,42434.658587739235,5.509843723398733,1.1461868923831962e8,4.064296922557321e8,4.073762489829061e7,6.156752419528094e6,705519.7700699226,349701.4279347825,47182.91928212456,12612.270587414627,73968.07016993385,219400.43774639012,162411.00262384574,2407.2122000455793,85944.0894810657,48101.00356084522,0.5768566379032025,0.6332318520273653,0.5708772866312731,244218.00027975353,164183.00861782703,408.96885250632835,7.586870548878355,603.5707971051513,94.94009653478786
14.0,1.5283662543604032e6,3.5005154084195467e6,708717.7903752305,427329.60026396,1.4779831154478241e6,476033.92931405327,791.5619740492587,37892.80252255717,2884.532513725933,26100.111812814594,42025.50245037917,6.071498295149902,8.77851500786609e7,3.98249778041701e8,3.58542207212547e7,4.32375815273261e6,649148.7100789446,357503.37151546415,38958.986910223415,10105.821925566515,79160.89693635583,230102.29616974026,166809.45364833457,3046.3928750330715,94016.21081576886,55971.61130156989,0.7198800365755829,0.7868504250169122,0.7079374739002913,253680.02090493753,156236.86036383905,429.1518501123663,7.902878132151217,607.182139779159,97.09546169015401
14.5,1.001563421720824e6,3.8790301678784983e6,539883.8779089504,306143.6960496914,1.5111723072348847e6,409939.6240668321,739.1435145979759,37308.94443148228,3095.924433693954,25852.89199968449,41166.363499530125,6.616638386482941,6.205771729301393e7,3.925765397747458e8,3.0324379315973718e7,2.9311603359520524e6,615746.381581205,344205.0701327558,32300.838406517945,8094.73285854193,82964.37281802413,237749.56577509796,169643.0032023951,3728.6685584681327,102942.95264157708,64459.108415149814,0.8843649265744936,0.9625109142221328,0.8642464966813841,268756.5017509496,142552.1629512879,435.31819738770866,8.12385355098912,587.6962820332448,94.87318475329232
15.0,651648.4991229663,4.212428600447064e6,400647.8381743132,215131.81062964333,1.550738485665123e6,347443.6961039318,708.0901575941512,36673.73390790058,3298.024945604209,25647.271409569923,39924.53393507132,7.139252783741934,4.061213444132958e7,3.8888478585958415e8,2.477871925454056e7,1.929602428410733e6,602781.8770589129,315859.49316171225,27060.597369768442,6538.727827804827,85618.63499527665,242956.21491422702,171242.39928973917,4438.311951987352,112695.64639397783,73574.71662695795,1.0717357266946068,1.1614853619287155,1.0408395121227814,287647.25859946705,124881.75548250528,425.1633735529222,8.26891099298818,549.2222741587415,88.90863966285191
15.5,420083.5821167369,4.496782892923779e6,289842.89460235625,148240.20822751522,1.5944688049421431e6,290318.6056297234,693.7141110141848,36002.74546595634,3490.608784646785,25479.8545653819,38373.46494651687,7.634461136602424,2.466283165477991e7,3.866453458346207e8,1.9663825316069607e7,1.2391588461367849e6,605848.9220149309,278992.4708393593,23036.85378633179,5367.923092191689,87369.03595653712,246263.84587265435,171895.52011383363,5162.092510544784,123227.97072878791,83326.61686773604,1.2834182265906962,1.3850300795997166,1.2387327348199952,308367.85266344016,105181.76996216945,395.0967391666496,8.354980154065084,496.5586551134134,80.12775545240447
16.0,267931.43646165874,4.732300390349264e6,204596.7456984053,100166.7522960964,1.6404505788971519e6,239578.47632859592,692.5488018892776,35307.431321298,3673.5914475025334,25346.578968862785,36587.36780524578,8.098550521681041,1.3947594525861284e7,3.853984391245979e8,1.5235579706307966e7,780379.0428011081,620428.4165250693,238978.23597806186,20025.260141567338,4507.62332094619,88435.10480496923,248126.76968283768,171842.9775624118,5889.540442934797,134463.9818562056,93716.32170320905,1.520825372708409,1.6343698564201723,1.4589091902502822,328971.0440489574,85391.04501577026,341.8619481777764,8.396320233432919,435.0118024427992,69.62160496348278
16.5,168937.46359073985,4.922226167419609e6,141082.9695916007,66397.99847230715,1.6871601433972993e6,195588.01935806536,701.9994208469268,34596.294296053944,3846.9897125529174,25243.099496547446,34636.77918798752,8.528937686696901,7.395459960605956e6,3.847903324626414e8,1.1585191174868338e7,485095.88138923206,642599.5736099359,199653.0438862933,17841.821723211695,3890.345716861724,88999.51177692362,248913.62060188863,171281.00647002886,6612.755215062498,146283.8839560341,104733.93284985296,1.7853309501172236,1.91066847390156,1.7022919350992365,347865.65668379253,67110.3099243385,267.5910446204677,8.404563683479424,369.9639964609138,58.49173774291158
17.0,105276.4049821306,5.071719198468335e6,95167.39573549625,43210.576924842906,1.7334663318030369e6,158218.38082981898,720.088174601257,33875.741652634475,4010.8931843218347,25165.097283253548,32585.39709882395,8.924074962542749,3.721620503147166e6,3.8457864709969586e8,8.683811379403733e6,299708.1225555629,669208.4446063723,163469.32644806633,16330.921275460245,3459.9380889720596,89207.78658018538,248915.74498205856,170367.2489883535,7326.0201568030125,158508.38545751627,116352.1352264923,2.0782278340681675,2.2149819436523486,1.9697015486976381,364059.517842956,51354.334249435626,185.0234485208019,8.388983325864647,306.22752839699433,47.688145823609304
17.5,64852.123769281294,5.186848607436723e6,62894.15945529296,27636.56851524697,1.7785842444778273e6,127009.01522074312,745.274468469605,33150.68807527047,4165.444000523198,25108.500686757478,30488.210077983425,9.283319950240566,1.8115456945797878e6,3.8461306752629113e8,6.434540455201244e6,185131.2486598833,697878.895379816,131753.11029426826,15365.601583926826,3171.5249154788526,89172.65961974474,248357.17701804417,169227.0997530414,8025.377268193688,170883.76465533877,128518.99523306476,2.400667391951886,2.548190843474017,2.2617946876554926,377199.173686188,38505.83880690217,112.85043014426073,8.35681773641045,247.46036619142396,37.8909552845878
18.0,39513.07446229193,5.273805485806336e6,40790.445045075896,17393.383695266046,1.8220082813836734e6,101309.94828829194,776.3310733943606,32424.971973405693,4310.822389646481,25069.62243613534,28390.752503285432,9.606787636881279,874107.0690915685,3.848030177354451e8,4.719756934546272e6,114804.7477160653,726966.7379067795,104961.52887865095,14844.380072528458,2989.596275814245,88979.56440985121,247403.76286959727,167959.4843195616,8708.236478449957,183071.0019239522,141149.98891754306,2.7535773890348474,2.9109090854776842,2.578981407516926,387422.80745819584,28456.810770405355,62.34992119819224,8.313575024833066,195.89284825397073,29.473257926120986
18.5,23829.848401634626,5.338364580127415e6,26005.800758029178,10786.832505839948,1.863443442820368e6,80392.65416568771,812.2602598225035,31701.638819384243,4447.2363204183,25045.226785403658,26329.22390222104,9.895200052395994,428532.5878472349,3.8508953537057847e8,3.430564539054825e6,71680.93517534257,755451.9475660762,82945.46049875568,14686.907328923548,2885.5237929191744,88691.61592309947,246170.63547206493,166641.6028648231,9373.045171750615,194643.20833816598,154120.12927878345,3.1375577171781317,3.3033687672305696,2.9213211129618895,395139.6579289625,20825.26244329873,32.55683660598469,8.263284686301342,152.41684932861133,22.541209764006023
19.0,14238.723359934911,5.385578948975852e6,16326.013573007924,6601.513275627446,1.9027449940469929e6,63527.770467260925,852.2373854986047,30983.133205061702,4574.913966464854,25032.544293057836,24331.191499275657,10.1497442664376,217208.905159317,3.854322581240936e8,2.4747859825716577e6,45170.00869658747,782782.3878769636,65203.012833335655,14829.588661890612,2835.1738631991984,88353.42540698581,244728.2816133496,165332.5066558684,10019.018482247488,205095.79352900916,167257.50823491995,3.5527565366354485,3.7252845358735174,3.288400485010841,400841.72092255665,15141.815857878159,16.740341889725077,8.208696678552052,116.91243601223908,17.016090835814303
19.5,8437.775379352066,5.419659950271082e6,10108.828063686446,3992.663978037256,1.9398702737567537e6,50033.67601342805,895.5727238718863,30271.430168148243,4694.09809413555,25029.25147157717,22416.625739480412,10.371945388899826,114556.8151090195,3.858055221387084e8,1.7752042339186708e6,28775.868073854188,808711.0624564699,51087.8506477128,15221.487923956678,2816.9715607609824,87993.6889101518,243108.11994436695,164075.51186052978,10645.919881221424,213873.24097254593,180339.9301487632,3.9987338468694804,4.1757059343383025,3.6792013516878184,404991.00873674825,10962.24419774369,8.722668308288462,8.15144447092344,88.63838173138772,12.719615691743007
20.0,4964.0606961692065,5.443984896576679e6,6183.14563893643,2389.805964123265,1.9748426930456092e6,39302.379876774736,941.6850805012272,29568.127116430598,4805.041769841034,25033.429843501704,20599.072674407227,10.563557812945971,62723.649477821,3.861946909043621e8,1.2682481852662384e6,18543.94118749635,833164.8338446082,39948.19876089666,15820.330469881412,2810.6342419173725,87626.80504531345,241308.84866108897,162899.47572879598,11253.878670241222,220414.6078722116,193096.4954146798,4.474324675072033,4.652872003362926,4.091971750663572,407973.67743026814,7913.918580197809,4.6694877039683735,8.092197228501648,66.56454224256849,9.439349572904081
20.5,2902.2375829641865,5.461179444183566e6,3741.446792031278,1417.4962328243776,2.0077261879616722e6,30809.391406600327,990.0828796420237,28874.51059540528,4908.0049888423855,25043.515379250814,18886.825873516536,10.726475417717277,35450.17076871577,3.8659194564470214e8,903484.2119614859,12083.88799826006,856158.2069188778,31198.96511131971,16588.34249352943,2796.7483683013334,87253.97119638072,239304.70205036813,161818.95790063156,11843.232429010142,224216.02893325483,205215.82601751928,4.977519217170383,5.154088075521517,4.524118534986574,410093.6542830835,5702.9926669192355,2.575210899258297,8.03082519387039,49.60020533144688,6.9686859915908075
21.0,1687.8274369992141,5.473233832336609e6,2242.7263507472485,834.2177243049231,2.038607836586508e6,24113.307997974945,1040.3499528705677,28191.607030002826,5003.2519675970425,25058.245830617223,17284.012659667405,10.862659793631686,20565.421378633975,3.8699317425717473e8,642315.0266973892,7954.3493011652645,877745.2191237515,24346.798897366953,17488.157533063593,2757.3170660408355,86864.3337869629,237056.0428792964,160833.3942642213,12414.3863131838,224902.27435356646,216361.86654035634,5.505380991786205,5.675648611541606,4.97214331478611,411582.4957598079,4105.324442280729,1.459314143198073,7.966591374866682,36.725323043813695,5.126211934160846
21.5,977.2509226928404,5.481625596362989e6,1333.3844176429973,487.67490433421096,2.067586455836943e6,18849.513721673487,1092.1343249105823,27520.22307531378,5091.048933511893,25076.61059478154,15791.550112736211,10.974084613692524,12191.98475329404,3.873961868673426e8,455956.9017090608,5282.477135117139,897995.5997210596,18989.67593002697,18479.909958106753,2677.274284014019,86436.8127426413,234521.5120110995,159925.74234973884,12967.686412000236,222292.68924139458,226196.7245306949,6.054024397929802,6.212829848833171,5.431643250929296,412613.06802794576,2953.451524035931,0.8463180717440589,7.898365493749241,27.05193369805697,3.762005317324553
22.0,563.7924737209593,5.487432982745041e6,787.162285136885,283.4823471942891,2.094765372240685e6,14721.062256226243,1145.1389837519428,26860.978942999096,5171.662303809059,25097.805593458215,14407.954851575356,11.062693861003215,7362.087191325287,3.877997912358088e8,323303.6062611797,3534.5497002016964,916983.7832730097,14805.999786873192,19521.17118530021,2546.690737837543,85943.1147495373,231669.7334195313,159061.59318085358,13503.310439828665,216443.5295684619,234408.10048878106,6.618668240088391,6.759970002490605,5.897392452097383,413312.578073816,2124.0805025748637,0.5004222360274503,7.824841434355335,19.842463039983297,2.7569693982511754
22.5,324.330514530923,5.491431764057135e6,461.8965093432235,164.01165038579308,2.120247997668933e6,11488.722583659643,1199.1140497713518,26214.33667074278,5245.357180545751,25121.194183648964,13130.008755163055,11.130371559804388,4516.898887826346,3.882033232325385e8,229046.1102891647,2379.968253242319,934784.0056652004,11541.105498044413,20570.645513228807,2363.0178813531343,85352.11907397145,228488.01064612824,158190.1924022468,14021.184714559322,207652.250562024,240737.17666560662,7.193771516517957,7.3106425720387795,6.363508336315081,413773.71277038596,1527.3469918373044,0.3007570088980108,7.744735428799925,14.504159485471515,2.0190357316131466
23.0,186.16636595720516,5.494173564433076e6,269.6472278881823,94.52462088524075,2.144135231940412e6,8961.349299627092,1253.8500095194245,25580.624481054598,5312.396109926044,25146.274198825788,11953.292988825566,11.17892080329523,2810.3806310460905,3.886064051160088e8,162159.90823101977,1611.0257336637044,951468.1409926526,8994.487793114422,21594.456436963334,2132.399693004011,84635.26164050138,224986.02163851363,157248.6887300868,14520.939801035194,196419.7211695821,245002.14480977497,7.773244026843901,7.857912358527776,6.823692568469878,414063.5934506952,1098.1596643062055,0.1832780056885527,7.656949949114771,10.572067855897574,1.4783790453977184
23.5,106.68922045671755,5.496046814943135e6,156.7397027082771,54.30861163596459,2.166524023633842e6,6987.178284176692,1309.1718194309549,24960.0579178935,5373.038066559666,25172.650703535837,10872.60739240001,11.210050123768283,1770.6372953100786,3.8900881814714855e8,114744.83893456048,1095.3786542811672,967104.7776199279,7008.826566715007,22571.806404067713,1869.1153439503862,83771.91528874681,221194.09066561624,156169.92339649005,15001.91609060906,183379.37205481346,247113.2404230909,8.350710870120361,8.39464846120257,7.2715221477176675,414230.65834133484,789.5374504720907,0.11303129313200413,7.560699854408788,7.688054518834627,1.082749048789922
24.0,61.07746396918383,5.497322824517477e6,90.78627515454708,31.127554209719808,2.1875066473915307e6,5446.290241006287,1364.9337580414087,24352.758207214993,5427.53763091055,25200.013799044467,9882.293471331132,11.225365541286552,1128.2900018796458,3.894104337973994e8,81159.2114482905,747.5994595633575,981758.8724293332,5460.953777333917,23496.676375347604,1592.8087627117893,82753.38787422617,217157.40081095224,154892.47099130054,15463.223443330733,169211.78887357883,247076.99464355086,8.91980057593254,8.913858288230017,7.700757025990339,414309.7971231915,567.6348383563961,0.0704458641192126,7.455602322645315,5.580066548107352,0.7934084055246651
24.5,34.945784920342575,5.498189822369312e6,52.43425099306709,17.809165771629637,2.2071704138580402e6,4244.272955274097,1421.014941512126,23758.768165534766,5476.144333061706,25228.12074085627,8976.478392999668,11.226366915235666,726.474115989531,3.898111757282639e8,57384.249704163034,511.909134424056,995491.6838739902,4254.577473550845,24374.500926190172,1324.1622769093474,81584.35546161176,212928.55806148172,153370.30443354064,15903.846795775693,154565.17092139344,244989.74465507118,9.474423860882938,9.409004170668233,8.105628722209044,414326.1152075575,408.09327060895987,0.044321224145308626,7.341727279336738,4.043644106945413,0.5818191338126857
25.0,19.991892270041692,5.498777668140265e6,30.215652530434106,10.176731626199535,2.2255976339632096e6,3306.999948112857,1477.315434124805,23178.065921298716,5519.1021393838855,25256.781648562453,8149.255537660321,11.214447486536224,472.2532109341158,3.9021099832554525e8,40562.56081908889,351.5298281867808,1.0083608417606145e6,3314.490704768056,25215.72044727454,1080.5049215392842,80281.35764941889,208560.80159287952,151579.2664170229,16322.776645022928,139996.6941278319,241022.50773620195,10.0090139994694,9.874269548459079,8.48107971436625,414297.6674644045,293.39085571913745,0.028126568499409248,7.219598332866154,2.9264081319391875,0.4270454976317348
25.5,11.44017202069974,5.499175534766528e6,17.382622051901272,5.811127877976201,2.24286572773217e6,2576.392068577949,1533.7528930709518,22610.57668435141,5556.649061427375,25285.848156807093,7394.814921614151,11.190895727429544,309.72510428807675,3.906098743449926e8,28665.37550356942,242.01377926911073,1.0204204833764868e6,2581.994781880358,26029.52855116381,872.9029630896332,78869.03047867872,204103.2045217533,149518.6898312944,16719.135764765895,125940.87685411092,235400.59422485676,10.51870875337587,10.304752680186326,8.822933820013196,414237.4338158559,210.92686558683295,0.01799298849278488,7.090136750634693,2.1155432275920756,0.31377036345618
26.0,6.550728954550395,5.499444418309219e6,9.988224360200462,3.317426216720231,2.259047411154012e6,2007.0139817141114,1590.2596907836476,22056.182781553554,5589.016868706604,25315.204443834104,6707.534568655287,11.156898808360287,204.80749332564494,3.910077876788572e8,20253.82596173434,166.99992310023515,1.0317214199242002e6,2011.298216177053,26820.28798929024,705.4858799314609,77375.45971892918,199598.12163103092,147208.3528255663,17092.275775430648,112702.85818190494,228381.62760820877,10.999464899628496,10.696579053448941,9.12799016246321,414154.7433673753,151.64084444873524,0.011597321716928335,6.954555017636994,1.5279652861547084,0.23080568566467277
26.5,3.754660738864067,5.499625906118511e6,5.735295379453429,1.8941523440675245,2.274210921547459e6,1563.3627671513316,1646.7804609165712,21514.732163034136,5616.430889174561,25344.76016419035,6082.041846684209,11.113547149487006,136.4663465604142,3.9140472905549186e8,14308.297374947244,115.47794551860613,1.0423113143861091e6,1566.6914993289795,27587.111640980795,576.6854993562216,75828.05412257499,195080.43012793016,144682.44596880284,17441.828509722323,100469.6474329671,220235.0914900254,11.4481068254735,11.046935855415793,9.39404461645171,414056.2996946633,109.01842311072505,0.007528291429385106,6.814222712391368,1.1027456128244677,0.16998662078427493
27.0,2.154814337596177,5.499748275947273e6,3.2923530080181402,1.0821072997744867,2.2884202582916967e6,1217.7205679555188,1703.270017016704,20986.045570032544,5639.109883147832,25374.444895934208,5513.251992144836,11.061839651625494,91.57445887959946,3.9180069344744784e8,10106.761540564707,80.00372098069244,1.052234860804999e6,1220.3348785065743,28325.559387330704,481.40520699523626,74250.78574013908,190577.88494208746,141982.71567790426,17767.71181508846,89331.20566946677,211225.4757298888,11.862318407644254,11.354040710870585,9.619850731114589,413946.9184994297,78.37602803276202,0.00491983040838791,6.6705343738700416,0.7953565681651875,0.12535662773305556
27.5,1.2386005881050033,5.499830712135997e6,1.890229355682375,0.6187616756136852,2.3017354256837294e6,948.4613546469029,1759.6915963207525,20469.922540678188,5657.265978259477,25404.20378628263,4996.389534437693,11.002689302498649,61.85366587448991,3.921956784898283e8,7138.204641898152,55.52410285923315,1.06153395967696e6,950.5284615020817,29029.978303114458,413.1407400897975,72662.94393274449,186112.00564136056,139152.49635966998,18070.100838985607,79304.52590625639,201599.94249613458,12.240591631773077,11.617061516103945,9.805036251946301,413830.0581421273,56.34642916594141,0.003235598924085406,6.524803361991658,0.5733479613341523,0.09256996954387932
28.0,0.7132645304000413,5.499886205270217e6,1.0857805565373,0.35425711968357493,2.314212670567896e6,738.7200807898234,1816.0153849215392,19966.14641442072,5671.104654684618,25433.99414199305,4526.997090717525,10.936928933502431,42.03256307245291,3.925896835040868e8,5041.120052233764,38.596957158171406,1.0702478867127101e6,740.3607896613365,29695.428040343995,365.49607620904004,71079.06507426171,181699.11582626568,136232.48053685803,18349.380402382543,70356.19930493647,191580.4831429838,12.582146385217007,11.836004968629966,9.949991897264216,413708.20113896165,40.50880419819931,0.0021406587427727887,6.37819292653406,0.41312563203831165,0.06845502983179101
28.5,0.4116007749188316,5.49992353798668e6,0.6242234350595761,0.2031376130008433,2.3259047108425936e6,575.3491737791761,1872.2172846468327,19474.48847965794,5680.824771397557,25463.782762387713,4100.934998030508,10.865316963859264,28.723445785629202,3.929827088891043e8,3559.861097529987,26.870233148454087,1.078413453640614e6,576.6538150024563,30318.77615803776,332.9904053212918,69509.54029676602,177351.33702452658,133258.3108535309,18606.092463399636,62421.188916657724,181359.93265341778,12.886834493672074,12.011589454976644,10.055747078040211,413583.12846278236,29.122749326400637,0.001424187245285244,6.23168353618451,0.2975670383571346,0.05069580556858762
29.0,0.2380728583914211,5.499948640186322e6,0.3592939620231982,0.11669828149036322,2.336860952959031e6,448.1017742198057,1928.2778861871982,18994.71139298837,5686.6186255779085,25493.543854938285,3714.374449147691,10.788543016528324,19.73023216812389,3.933747557375612e8,2513.6969419409797,18.732218041972434,1.0860651605181822e6,449.1396984468779,30899.017152419405,311.3167452547751,67961.47572248419,173077.456631294,130259.63950279178,18840.88794924868,55417.16288231289,171100.94460334402,13.155038463945312,12.145114629584954,10.123844024211099,413456.1167579788,20.937039590568297,0.0009524784925839482,6.086068349481473,0.21426561690932258,0.037599868488992806
29.5,0.13805374131576711,5.4999655112205725e6,0.20711165102318327,0.06718295686506383,2.3471276976782866e6,348.99329086433266,1984.1816171391201,18526.571982941376,5688.6720384884875,25523.257407128036,3363.786165957197,10.707233326512254,13.617623526975642,3.9376582559196657e8,1774.891061835681,13.07567360894902,1.0932353394649483e6,349.81874092928143,31437.070652819264,297.27999171856203,66439.53757443374,168883.65132692992,127260.16869931969,19054.487319984382,49254.69233627469,160937.01580213706,13.38757245512511,12.238336377313644,10.156218304541603,413328.0801283056,15.052136476666067,0.0006401151150006031,5.941966725282497,0.15424354791095105,0.027929419108623583
29.927905080300377,0.08678752150996548,5.499975476318478e6,0.12943833831381762,0.0419610880146378,2.355399420016614e6,281.77849382189,2031.8905489061683,18134.988676518184,5687.594872653403,25548.636993715794,3089.8553875765783,10.634476642516258,9.949840130686331,3.940997326875853e8,1317.6805166455274,9.621977139623285,1.0990122224072833e6,282.4565607532856,31865.817930232435,289.58699390859226,65160.04700533305,165361.32319292764,124706.54857114756,19221.029767674445,44581.15299839959,152395.38779174432,13.559116255143575,12.287689849768215,10.157229798454535,413218.1906554506,11.348693818209018,0.0004572100987457536,5.820202603283532,0.1164040389952166,0.021681512388307272
29.927905080300377,0.0,5.499975476318478e6,0.0,0.0,2.355399420016614e6,281.77849382189,2031.8905489061683,18134.988676518184,5687.594872653403,25548.636993715794,3089.8553875765783,10.634476642516258,0.0,3.940997326875853e8,0.0,0.0,1.0990122224072833e6,282.4565607532856,31865.817930232435,289.58699390859226,65160.04700533305,165361.32319292764,124706.54857114756,19221.029767674445,44581.15299839959,152395.38779174432,13.559116255143575,12.287689849768215,10.157229798454535,413218.1906554506,11.348693818209018,0.0004572100987457536,5.820202603283532,0.1164040389952166,0.021681512388307272
29.936156948407426,0.0,5.499975637678232e6,0.0,0.0,2.355554456083679e6,280.61828944792524,2032.8093215302342,18127.518215668544,5687.549193839594,25549.125914786568,3084.795717360803,10.63304721840512,0.0,3.941061648971086e8,0.0,0.0,1.0991204979166647e6,281.29388491272755,31873.81253390196,289.46982977778663,65135.59052043476,165294.01625653784,124657.49253405603,19224.097541739426,44496.07540793893,152232.49239193197,13.562181474415388,12.288376032505017,10.157017957409963,413216.07097467204,11.28705419223045,0.00044236509481626596,5.817870297851553,0.11577297112391326,0.021576137908102644
29.936156948407426,0.0,5.499975637678232e6,0.0,0.0,2.355554456083679e6,280.61828944792524,2032.8093215302342,18127.518215668544,5687.549193839594,25549.125914786568,3084.795717360803,10.63304721840512,0.0,3.941061648971086e8,0.0,0.0,1.0991204979166647e6,281.29388491272755,31873.81253390196,289.46982977778663,65135.59052043476,165294.01625653784,124657.49253405603,19224.097541739426,44496.07540793893,152232.49239193197,13.562181474415388,12.288376032505017,10.157017957409963,413216.07097467204,11.28705419223045,0.00044236509481626596,5.817870297851553,0.11577297112391326,0.021576137908102644
29.952581105718316,0.0,5.499975955688918e6,0.0,0.0,2.3558625385906245e6,278.32326633565725,2034.6378618612218,18112.65839361448,5687.455514225459,25550.098981952004,3074.7495545587417,10.630199310727841,0.0,3.941189664958204e8,0.0,0.0,1.0993356594070836e6,278.9939672341163,31889.69474727039,289.23978196599097,65086.9382898515,165160.1217354822,124559.87795670866,19230.187493432783,44327.28835746509,151908.4972266397,13.568255357111116,12.289712457792836,10.156570864428522,413211.85210129776,11.165363908348294,0.00041423726695582406,5.813230041093758,0.11452707472867205,0.02136795391812639
29.952581105718316,0.0,5.499975955688918e6,0.0,0.0,2.3558625385906245e6,278.32326633565725,2034.6378618612218,18112.65839361448,5687.455514225459,25550.098981952004,3074.7495545587417,10.630199310727841,0.0,3.941189664958204e8,0.0,0.0,1.0993356594070836e6,278.9939672341163,31889.69474727039,289.23978196599097,65086.9382898515,165160.1217354822,124559.87795670866,19230.187493432783,44327.28835746509,151908.4972266397,13.568255357111116,12.289712457792836,10.156570864428522,413211.85210129776,11.165363908348294,0.00041423726695582406,5.813230041093758,0.11452707472867205,0.02136795391812639
29.977569293728543,0.0,5.499976431575466e6,0.0,0.0,2.3563300043246904e6,274.8675025553119,2037.4194864191397,18090.073337492588,5687.305945484305,25551.579280685648,3059.5270941333906,10.625859192649791,0.0,3.9413844120206314e8,0.0,0.0,1.099662132433752e6,275.5308190229824,31913.78231846596,288.89773244898424,65012.9810154764,164956.5902774382,124411.42748323032,19239.41209286785,44071.883481138204,151416.14042550215,13.577427512104776,12.291671029033905,10.155825821784411,413205.433531629,10.982732584119827,0.0003748350888611464,5.806174994332909,0.1126571768175429,0.021055131529729917
29.977569293728543,0.0,5.499976431575466e6,0.0,0.0,2.3563300043246904e6,274.8675025553119,2037.4194864191397,18090.073337492588,5687.305945484305,25551.579280685648,3059.5270941333906,10.625859192649791,0.0,3.9413844120206314e8,0.0,0.0,1.099662132433752e6,275.5308190229824,31913.78231846596,288.89773244898424,65012.9810154764,164956.5902774382,124411.42748323032,19239.41209286785,44071.883481138204,151416.14042550215,13.577427512104776,12.291671029033905,10.155825821784411,413205.433531629,10.982732584119827,0.0003748350888611464,5.806174994332909,0.1126571768175429,0.021055131529729917
30.0,0.0,5.499976850728584e6,0.0,0.0,2.3567483346358784e6,271.8019889898912,2039.9160376143318,18069.823536247506,5687.164462205196,25552.907915312804,3045.9261480441683,10.62195588964883,0.0,3.9415592064607614e8,0.0,0.0,1.0999542898256404e6,272.4587404018584,31935.326705056912,288.5987436483951,64946.6586197293,164774.07450208743,124278.23658000266,19247.650680996274,43844.042533204534,150974.77671364002,13.585590312732814,12.293352579442924,10.155090629041123,413199.6720736482,10.821338893246418,0.00034266844297869454,5.799846948063754,0.11100465166431744,0.020778297615370995
30.011038283221286,0.0,5.499977054251217e6,0.0,0.0,2.356953750036508e6,270.3060073871706,2041.1444727419803,18059.866723705993,5687.092333701227,25553.56168872598,3039.2550267403326,10.620032499959326,0.0,3.941645216641542e8,0.0,0.0,1.100097749738028e6,270.95955004493555,31945.90187981434,288.45436869253444,64914.0437732055,164684.32162626839,124212.7158211134,19251.690409689923,43732.41280924386,150757.790034621,13.589582794806988,12.29415355635037,10.154705843499253,413196.8369020944,10.742789026704207,0.0003278677114365957,5.796734600791064,0.11020034764583934,0.020643429246131887
30.011038283221286,0.0,5.499977054251217e6,0.0,0.0,2.356953750036508e6,270.3060073871706,2041.1444727419803,18059.866723705993,5687.092333701227,25553.56168872598,3039.2550267403326,10.620032499959326,0.0,3.941645216641542e8,0.0,0.0,1.100097749738028e6,270.95955004493555,31945.90187981434,288.45436869253444,64914.0437732055,164684.32162626839,124212.7158211134,19251.690409689923,43732.41280924386,150757.790034621,13.589582794806988,12.29415355635037,10.154705843499253,413196.8369020944,10.742789026704207,0.0003278677114365957,5.796734600791064,0.11020034764583934,0.020643429246131887
30.048578823321172,0.0,5.499977733122753e6,0.0,0.0,2.3576501536880964e6,265.27961161082743,2045.3216515609224,18026.044805376656,5686.834699041495,25555.784856963248,3016.674976034192,10.613478657594117,0.0,3.941937696592217e8,0.0,0.0,1.1005841106024545e6,265.92234899110633,31981.735037826133,287.97675574174065,64803.23537924105,164379.39479447078,123990.00054656093,19265.357699181764,43355.18190476526,150020.88525584704,13.603040407312802,12.296747121097635,10.15328414025903,413187.195095128,10.479887926664091,0.0002821525967579435,5.786158241933399,0.1075082785338726,0.020191382917642352
30.048578823321172,0.0,5.499977733122753e6,0.0,0.0,2.3576501536880964e6,265.27961161082743,2045.3216515609224,18026.044805376656,5686.834699041495,25555.784856963248,3016.674976034192,10.613478657594117,0.0,3.941937696592217e8,0.0,0.0,1.1005841106024545e6,265.92234899110633,31981.735037826133,287.97675574174065,64803.23537924105,164379.39479447078,123990.00054656093,19265.357699181764,43355.18190476526,150020.88525584704,13.603040407312802,12.296747121097635,10.15328414025903,413187.195095128,10.479887926664091,0.0002821525967579435,5.786158241933399,0.1075082785338726,0.020191382917642352
30.089673083823367,0.0,5.499978453253285e6,0.0,0.0,2.358408595007938e6,259.8844937824218,2049.8930921340257,17989.09303751684,5686.530893441319,25558.217985190087,2992.147754393336,10.60628242730216,0.0,3.9422578007958513e8,0.0,0.0,1.1011137979530105e6,260.51559163073017,32020.72715025348,287.4771821385346,64682.137710480005,164046.16549717108,123746.4138449541,19280.19223962121,42946.48847206326,149216.11699321016,13.617558897793604,12.29935589246901,10.151528462504746,413176.6414892932,10.199470150215362,0.00023938449042427913,5.774595941165086,0.10463663924024137,0.019708085265233252
30.089673083823367,0.0,5.499978453253285e6,0.0,0.0,2.358408595007938e6,259.8844937824218,2049.8930921340257,17989.09303751684,5686.530893441319,25558.217985190087,2992.147754393336,10.60628242730216,0.0,3.9422578007958513e8,0.0,0.0,1.1011137979530105e6,260.51559163073017,32020.72715025348,287.4771821385346,64682.137710480005,164046.16549717108,123746.4138449541,19280.19223962121,42946.48847206326,149216.11699321016,13.617558897793604,12.29935589246901,10.151528462504746,413176.6414892932,10.199470150215362,0.00023938449042427913,5.774595941165086,0.10463663924024137,0.019708085265233252
30.133847304546695,0.0,5.499979201404423e6,0.0,0.0,2.359219374465947e6,254.2073232274992,2054.8057931839517,17949.455384409164,5686.1790322219695,25560.83289229387,2966.0023801579187,10.598521528273556,0.0,3.942601823040855e8,0.0,0.0,1.101680037749939e6,254.8261260410217,32062.37221098421,286.9665098316761,64552.19804455349,163688.61843129166,123484.82422700043,19295.991589623332,42512.06432538443,148353.28308558636,13.632918125467981,12.30189324746749,10.149410324044455,413165.2982152003,9.906397764002108,0.00020061228660648632,5.762185009454012,0.1016351837379895,0.019201685922049877
30.133847304546695,0.0,5.499979201404423e6,0.0,0.0,2.359219374465947e6,254.2073232274992,2054.8057931839517,17949.455384409164,5686.1790322219695,25560.83289229387,2966.0023801579187,10.598521528273556,0.0,3.942601823040855e8,0.0,0.0,1.101680037749939e6,254.8261260410217,32062.37221098421,286.9665098316761,64552.19804455349,163688.61843129166,123484.82422700043,19295.991589623332,42512.06432538443,148353.28308558636,13.632918125467981,12.30189324746749,10.149410324044455,413165.2982152003,9.906397764002108,0.00020061228660648632,5.762185009454012,0.1016351837379895,0.019201685922049877
30.180762988729214,0.0,5.499979967560858e6,0.0,0.0,2.360075387900448e6,248.3135656588324,2060.0218251492306,17907.452471683944,5685.776773020353,25563.60941476758,2938.4820704582307,10.590250617782175,0.0,3.9429671121997863e8,0.0,0.0,1.1022778685295512e6,248.9195528236615,32106.29888619842,286.4531355659398,64414.46072147387,163309.6289403911,123207.2962559828,19312.605237532054,42056.17798099879,147439.5054417751,13.64895102900879,12.30428706896135,10.146900678432475,413153.25273184956,9.604353023470464,0.0001662863639603807,5.749024414947443,0.09854159442111692,0.018678351200701864
30.180762988729214,0.0,5.499979967560858e6,0.0,0.0,2.360075387900448e6,248.3135656588324,2060.0218251492306,17907.452471683944,5685.776773020353,25563.60941476758,2938.4820704582307,10.590250617782175,0.0,3.9429671121997863e8,0.0,0.0,1.1022778685295512e6,248.9195528236615,32106.29888619842,286.4531355659398,64414.46072147387,163309.6289403911,123207.2962559828,19312.605237532054,42056.17798099879,147439.5054417751,13.64895102900879,12.30428706896135,10.146900678432475,413153.25273184956,9.604353023470464,0.0001662863639603807,5.749024414947443,0.09854159442111692,0.018678351200701864
30.229997234888113,0.0,5.499980741249675e6,0.0,0.0,2.3609681087079803e6,242.27542579122442,2065.493905184051,17863.478424548728,5685.323145356063,25566.522405581403,2909.873593598139,10.581539956808928,0.0,3.943350361727724e8,0.0,0.0,1.102901335408026e6,242.8682282504847,32152.06425334706,285.9454830091443,64270.21248505113,162912.73877505603,122916.39019530985,19329.85650423455,41583.7806286034,146483.51126299298,13.665468040247484,12.306467965299914,10.143981168090567,413140.6142183714,9.297279525081974,0.0001365614097277486,5.735236431901183,0.09539624117470547,0.018144755115498328
30.229997234888113,0.0,5.499980741249675e6,0.0,0.0,2.3609681087079803e6,242.27542579122442,2065.493905184051,17863.478424548728,5685.323145356063,25566.522405581403,2909.873593598139,10.581539956808928,0.0,3.943350361727724e8,0.0,0.0,1.102901335408026e6,242.8682282504847,32152.06425334706,285.9454830091443,64270.21248505113,162912.73877505603,122916.39019530985,19329.85650423455,41583.7806286034,146483.51126299298,13.665468040247484,12.306467965299914,10.143981168090567,413140.6142183714,9.297279525081974,0.0001365614097277486,5.735236431901183,0.09539624117470547,0.018144755115498328
30.28121247273224,0.0,5.499981514376359e6,0.0,0.0,2.361890705662851e6,236.15009134888865,2071.1842752856423,17817.848501210043,5684.817214275851,25569.55178263637,2880.406719596662,10.572445593922907,0.0,3.9437489316007394e8,0.0,0.0,1.1035456675336827e6,236.72946101120266,32199.31393857924,285.4500710021974,64120.48294657816,162500.78160752406,122614.15619394156,19347.60334922762,41098.83560565537,145492.3129874196,13.682316264659994,12.308379170441157,10.140636103179029,413127.4699719112,8.988264447754212,0.00011126485610957884,5.720918926033934,0.0922307329504131,0.017606144535330128
30.28121247273224,0.0,5.499981514376359e6,0.0,0.0,2.361890705662851e6,236.15009134888865,2071.1842752856423,17817.848501210043,5684.817214275851,25569.55178263637,2880.406719596662,10.572445593922907,0.0,3.9437489316007394e8,0.0,0.0,1.1035456675336827e6,236.72946101120266,32199.31393857924,285.4500710021974,64120.48294657816,162500.78160752406,122614.15619394156,19347.60334922762,41098.83560565537,145492.3129874196,13.682316264659994,12.308379170441157,10.140636103179029,413127.4699719112,8.988264447754212,0.00011126485610957884,5.720918926033934,0.0922307329504131,0.017606144535330128
30.334111679742467,0.0,5.499982280354065e6,0.0,0.0,2.362837210803215e6,229.9858947026096,2077.0597195521555,17770.839447691123,5684.258382047123,25572.67987708981,2850.2812572539015,10.563017166032973,0.0,3.944160499406449e8,0.0,0.0,1.1042066969476412e6,230.55168691667535,32247.739252805204,284.9721363938468,63966.176712201894,162076.24669196393,122302.39948807034,19365.722041367313,40604.77138155679,144472.08443272908,13.699363381836742,12.309973372408122,10.13685407687569,413113.89689388266,8.67986781246021,9.004563723106714e-5,5.706157959265976,0.08907128812718094,0.01706690085877579
30.334111679742467,0.0,5.499982280354065e6,0.0,0.0,2.362837210803215e6,229.9858947026096,2077.0597195521555,17770.839447691123,5684.258382047123,25572.67987708981,2850.2812572539015,10.563017166032973,0.0,3.944160499406449e8,0.0,0.0,1.1042066969476412e6,230.55168691667535,32247.739252805204,284.9721363938468,63966.176712201894,162076.24669196393,122302.39948807034,19365.722041367313,40604.77138155679,144472.08443272908,13.699363381836742,12.309973372408122,10.13685407687569,413113.89689388266,8.67986781246021,9.004563723106714e-5,5.706157959265976,0.08907128812718094,0.01706690085877579
30.388417868388665,0.0,5.499983033700181e6,0.0,0.0,2.363802143158259e6,223.82508702750084,2083.089283882119,17722.707879119953,5683.64655502777,25575.89021980743,2819.679224667021,10.553301491799724,0.0,3.944582900623466e8,0.0,0.0,1.1048805957989811e6,224.37724888837218,32297.05781383804,284.5159188027308,63808.13356385047,161641.44452457127,121982.80123057794,19384.099851480823,40104.68482511202,143428.55724752924,13.716490555967546,12.311211546980713,10.13262894302211,413099.9667392801,8.374272556979564,7.246414353357377e-5,5.691033532093138,0.08594027028877575,0.016530794873104535
30.388417868388665,0.0,5.499983033700181e6,0.0,0.0,2.363802143158259e6,223.82508702750084,2083.089283882119,17722.707879119953,5683.64655502777,25575.89021980743,2819.679224667021,10.553301491799724,0.0,3.944582900623466e8,0.0,0.0,1.1048805957989811e6,224.37724888837218,32297.05781383804,284.5159188027308,63808.13356385047,161641.44452457127,121982.80123057794,19384.099851480823,40104.68482511202,143428.55724752924,13.716490555967546,12.311211546980713,10.13262894302211,413099.9667392801,8.374272556979564,7.246414353357377e-5,5.691033532093138,0.08594027028877575,0.016530794873104535
30.443898220051146,0.0,5.499983770270226e6,0.0,0.0,2.364780928845084e6,217.70146757894594,2089.2469537390402,17673.669032218553,5682.981824890417,25579.168967560963,2788.7517133844312,10.543338194021002,0.0,3.9450143162212527e8,0.0,0.0,1.1055641697362906e6,218.24002072288445,32347.03488716812,284.0845522309908,63647.05854413443,161198.31457609363,121656.77637695025,19402.64295528669,39601.130121493574,142366.55775761604,13.733599595205552,12.312062988011016,10.127957473435892,413085.7399123516,8.073177790088229,5.804220747166644e-5,5.675612878773486,0.08285509294641778,0.016000792165436963
30.443898220051146,0.0,5.499983770270226e6,0.0,0.0,2.364780928845084e6,217.70146757894594,2089.2469537390402,17673.669032218553,5682.981824890417,25579.168967560963,2788.7517133844312,10.543338194021002,0.0,3.9450143162212527e8,0.0,0.0,1.1055641697362906e6,218.24002072288445,32347.03488716812,284.0845522309908,63647.05854413443,161198.31457609363,121656.77637695025,19402.64295528669,39601.130121493574,142366.55775761604,13.733599595205552,12.312062988011016,10.127957473435892,413085.7399123516,8.073177790088229,5.804220747166644e-5,5.675612878773486,0.08285509294641778,0.016000792165436963
30.5,0.0,5.49998448257932e6,0.0,0.0,2.3657635253126523e6,211.67960186569903,2095.4712615546077,17624.217645557033,5682.269102498809,25582.483394282724,2757.8196297179775,10.53322532040991,0.0,3.945450442373034e8,0.0,0.0,1.1062504051444128e6,212.20471262504117,32397.158074602543,283.6827198576513,63484.576196518545,160751.32556579763,121327.60909446543,19421.156347115473,39099.37616663865,141296.94308063987,13.750503338998913,12.31250250545129,10.122872381197901,413071.35877532983,7.779717357865137,4.6375130786781405e-5,5.660051429166926,0.0798478786930602,0.015482436927892076
30.500361394408355,0.0,5.499984487064999e6,0.0,0.0,2.365769831764985e6,211.64135540907236,2095.51134944737,17623.899536376677,5682.264379641435,25582.504741602166,2757.6214788632537,10.53316005323005,0.0,3.945453251398085e8,0.0,0.0,1.1062548095069581e6,212.16638060094922,32397.479619926864,283.68024057422764,63483.53081922212,160748.4497711413,121325.49036347085,19421.27483450502,39096.1680079773,141290.0669917349,13.750610940116339,12.312503970643963,10.122838454300629,413071.2661527445,7.777861958556716,4.6308140366551774e-5,5.659951290686755,0.07982886479082896,0.015479153834833123
30.500361394408355,0.0,5.499984487064999e6,0.0,0.0,2.365769831764985e6,211.64135540907236,2095.51134944737,17623.899536376677,5682.264379641435,25582.504741602166,2757.6214788632537,10.53316005323005,0.0,3.945453251398085e8,0.0,0.0,1.1062548095069581e6,212.16638060094922,32397.479619926864,283.68024057422764,63483.53081922212,160748.4497711413,121325.49036347085,19421.27483450502,39096.1680079773,141290.0669917349,13.750610940116339,12.312503970643963,10.122838454300629,413071.2661527445,7.777861958556716,4.6308140366551774e-5,5.659951290686755,0.07982886479082896,0.015479153834833123
30.557641595388517,0.0,5.499985181890741e6,0.0,0.0,2.3667656545350063e6,205.66590294596486,2101.8639527150754,17573.551820393717,5681.494594865439,25585.887684019406,2726.3927205517243,10.52279576238612,0.0,3.945898411398871e8,0.0,0.0,1.1069502820910704e6,206.1775295104794,32448.229578347087,283.30450793499296,63318.050804332655,160293.22621098324,120989.95345359617,19439.9303761117,38591.53084570214,140202.53267058812,13.767457777416304,12.312516439905194,10.117273096713125,413056.58861840493,7.489309137198197,3.682573640501842e-5,5.644096607179033,0.0768716821365699,0.014967650261512026
30.557641595388517,0.0,5.499985181890741e6,0.0,0.0,2.3667656545350063e6,205.66590294596486,2101.8639527150754,17573.551820393717,5681.494594865439,25585.887684019406,2726.3927205517243,10.52279576238612,0.0,3.945898411398871e8,0.0,0.0,1.1069502820910704e6,206.1775295104794,32448.229578347087,283.30450793499296,63318.050804332655,160293.22621098324,120989.95345359617,19439.9303761117,38591.53084570214,140202.53267058812,13.767457777416304,12.312516439905194,10.117273096713125,413056.58861840493,7.489309137198197,3.682573640501842e-5,5.644096607179033,0.0768716821365699,0.014967650261512026
30.61559471370847,0.0,5.499985853212922e6,0.0,0.0,2.3677656577923684e6,199.79192753682275,2108.28867511242,17522.757746305146,5680.673010077233,25589.309228461552,2695.1538695458944,10.512270542849341,0.0,3.9463486713270307e8,0.0,0.0,1.107648674344631e6,200.29032441438335,32499.146478633327,282.95832170786895,63151.0519553806,159833.83567013877,120651.04383682343,19458.554181043724,38088.67227969128,139106.94747852586,13.784084168181602,12.312087197974078,10.111264701470633,413041.7448707533,7.208259325824587,2.9206301368671488e-5,5.628090329095424,0.07399114310458102,0.014467643235030353
30.61559471370847,0.0,5.499985853212922e6,0.0,0.0,2.3677656577923684e6,199.79192753682275,2108.28867511242,17522.757746305146,5680.673010077233,25589.309228461552,2695.1538695458944,10.512270542849341,0.0,3.9463486713270307e8,0.0,0.0,1.107648674344631e6,200.29032441438335,32499.146478633327,282.95832170786895,63151.0519553806,159833.83567013877,120651.04383682343,19458.554181043724,38088.67227969128,139106.94747852586,13.784084168181602,12.312087197974078,10.111264701470633,413041.7448707533,7.208259325824587,2.9206301368671488e-5,5.628090329095424,0.07399114310458102,0.014467643235030353
30.674105725696126,0.0,5.499986500147937e6,0.0,0.0,2.368767673552692e6,194.0315853096981,2114.772674238899,17471.62238391665,5679.80014416045,25592.76253530449,2663.9743112226492,10.50160471681914,0.0,3.946803133403782e8,0.0,0.0,1.1083484721679909e6,194.51695115570308,32550.121805097173,282.64214215479893,62982.880155674335,159371.22894246623,120309.46500578918,19477.102481081627,37588.71915116373,138005.71524523495,13.800446391183383,12.311206997978191,10.104817150595384,413026.76497950195,6.935202334911294,2.3111733639782123e-5,5.611965627110773,0.07119228381645094,0.013980068437123275
30.674105725696126,0.0,5.499986500147937e6,0.0,0.0,2.368767673552692e6,194.0315853096981,2114.772674238899,17471.62238391665,5679.80014416045,25592.76253530449,2663.9743112226492,10.50160471681914,0.0,3.946803133403782e8,0.0,0.0,1.1083484721679909e6,194.51695115570308,32550.121805097173,282.64214215479893,62982.880155674335,159371.22894246623,120309.46500578918,19477.102481081627,37588.71915116373,138005.71524523495,13.800446391183383,12.311206997978191,10.104817150595384,413026.76497950195,6.935202334911294,2.3111733639782123e-5,5.611965627110773,0.07119228381645094,0.013980068437123275
30.69868863687533,0.0,5.499986763046866e6,0.0,0.0,2.369186393569359e6,191.66125196182114,2117.496098736079,17450.1824656191,5679.420478096249,25594.21305796175,2650.9814252605474,10.497111949037064,0.0,3.9469940321744996e8,0.0,0.0,1.1086409020724725e6,192.14123897166834,32571.410778271966,282.5189877428578,62912.354664763065,159177.23043251483,120166.1343483068,19484.819317297213,37380.96162538946,137544.5288489997,13.807194332117444,12.310704237277472,10.101994950100362,413020.4734238987,6.823588509375323,2.094727976159227e-5,5.605201727192002,0.07004816258579388,0.013780241822466083
30.69868863687533,0.0,5.499986763046866e6,0.0,0.0,2.369186393569359e6,191.66125196182114,2117.496098736079,17450.1824656191,5679.420478096249,25594.21305796175,2650.9814252605474,10.497111949037064,0.0,3.9469940321744996e8,0.0,0.0,1.1086409020724725e6,192.14123897166834,32571.410778271966,282.5189877428578,62912.354664763065,159177.23043251483,120166.1343483068,19484.819317297213,37380.96162538946,137544.5288489997,13.807194332117444,12.310704237277472,10.101994950100362,413020.4734238987,6.823588509375323,2.094727976159227e-5,5.605201727192002,0.07004816258579388,0.013780241822466083
30.711738270406183,0.0,5.499986900517949e6,0.0,0.0,2.3694081244894303e6,190.414768372482,2118.9416196050033,17438.811868464836,5679.2158350706595,25594.982969954122,2644.109812254601,10.494724236293575,0.0,3.947095359662504e8,0.0,0.0,1.1087957567506542e6,190.8919228885854,32582.68135888565,282.45589183259887,62874.94819222551,159074.3349673332,120090.09240871397,19488.89749459529,37271.222063036665,137300.07233780704,13.810746113505353,12.310405549692339,10.10046972756828,413017.1341290977,6.765070952478556,1.9881909730136673e-5,5.601613764592057,0.06944829971354691,0.013675350018978684
30.711738270406183,0.0,5.499986900517949e6,0.0,0.0,2.3694081244894303e6,190.414768372482,2118.9416196050033,17438.811868464836,5679.2158350706595,25594.982969954122,2644.109812254601,10.494724236293575,0.0,3.947095359662504e8,0.0,0.0,1.1087957567506542e6,190.8919228885854,32582.68135888565,282.45589183259887,62874.94819222551,159074.3349673332,120090.09240871397,19488.89749459529,37271.222063036665,137300.07233780704,13.810746113505353,12.310405549692339,10.10046972756828,413017.1341290977,6.765070952478556,1.9881909730136673e-5,5.601613764592057,0.06944829971354691,0.013675350018978684
30.71931895653863,0.0,5.499986979719994e6,0.0,0.0,2.369536757978123e6,189.6943971649269,2119.7812803412403,17432.20992922916,5679.095969679196,25595.43019350232,2640.126124837491,10.493336309437796,0.0,3.947154218960373e8,0.0,0.0,1.108885593106198e6,190.1699134774369,32589.218898980704,282.4199574294523,62853.22833319297,159014.58949709375,120045.93281282611,19491.26075428095,37207.646497099355,137158.17988178867,13.812799749983634,12.310221935501406,10.099575107899568,413015.19446280383,6.731308124386245,1.928808436763562e-5,5.599530303490907,0.06910219220922509,0.013614790907025155
30.71931895653863,0.0,5.499986979719994e6,0.0,0.0,2.369536757978123e6,189.6943971649269,2119.7812803412403,17432.20992922916,5679.095969679196,25595.43019350232,2640.126124837491,10.493336309437796,0.0,3.947154218960373e8,0.0,0.0,1.108885593106198e6,190.1699134774369,32589.218898980704,282.4199574294523,62853.22833319297,159014.58949709375,120045.93281282611,19491.26075428095,37207.646497099355,137158.17988178867,13.812799749983634,12.310221935501406,10.099575107899568,413015.19446280383,6.731308124386245,1.928808436763562e-5,5.599530303490907,0.06910219220922509,0.013614790907025155
30.72387800350364,0.0,5.499987027121553e6,0.0,0.0,2.3696140575152524e6,189.26247680542065,2120.2862337492948,17428.240697396235,5679.023533699831,25595.699145346072,2637.733190195003,10.492501296797858,0.0,3.947189616041155e8,0.0,0.0,1.1089395783384086e6,189.73701044648527,32593.14717902167,282.3985993288483,62840.169486476625,158978.6682061644,120019.38009260461,19492.679973915874,37169.47320823714,137072.88619891362,13.814031406388608,12.31010793881396,10.099034042355834,413014.0280021965,6.711084255245325,1.893953103911514e-5,5.5982775974340875,0.06889487268666768,0.01357850208174815
30.72387800350364,0.0,5.499987027121553e6,0.0,0.0,2.3696140575152524e6,189.26247680542065,2120.2862337492948,17428.240697396235,5679.023533699831,25595.699145346072,2637.733190195003,10.492501296797858,0.0,3.947189616041155e8,0.0,0.0,1.1089395783384086e6,189.73701044648527,32593.14717902167,282.3985993288483,62840.169486476625,158978.6682061644,120019.38009260461,19492.679973915874,37169.47320823714,137072.88619891362,13.814031406388608,12.31010793881396,10.099034042355834,413014.0280021965,6.711084255245325,1.893953103911514e-5,5.5982775974340875,0.06889487268666768,0.01357850208174815
30.72693094350339,0.0,5.499987058767228e6,0.0,0.0,2.3696657951074066e6,188.97379370157913,2120.6243641076103,17425.583224934755,5678.974881067771,25595.879243343534,2636.131977570218,10.491942005619567,0.0,3.9472133190449107e8,0.0,0.0,1.1089757113612487e6,189.44767037055158,32595.77629713866,282.3844028564115,62831.426190458704,158954.617836675,120001.60131276915,19493.62948519506,37143.936362627916,137015.78694383305,13.814854748543228,12.310030103553812,10.0986704461998,413013.24691393034,6.697575434757277,1.8709652499104146e-5,5.597438853263095,0.06875638991909817,0.013554256564231003
30.72693094350339,0.0,5.499987058767228e6,0.0,0.0,2.3696657951074066e6,188.97379370157913,2120.6243641076103,17425.583224934755,5678.974881067771,25595.879243343534,2636.131977570218,10.491942005619567,0.0,3.9472133190449107e8,0.0,0.0,1.1089757113612487e6,189.44767037055158,32595.77629713866,282.3844028564115,62831.426190458704,158954.617836675,120001.60131276915,19493.62948519506,37143.936362627916,137015.78694383305,13.814854748543228,12.310030103553812,10.0986704461998,413013.24691393034,6.697575434757277,1.8709652499104146e-5,5.597438853263095,0.06875638991909817,0.013554256564231003
30.727618506464427,0.0,5.499987065883601e6,0.0,0.0,2.3696774442731184e6,188.90883917672213,2120.700514613428,17424.984782015177,5678.96390765866,25595.919803371708,2635.7714960602098,10.491816031417795,0.0,3.9472186572287756e8,0.0,0.0,1.1089838470234289e6,189.38256800488722,32596.368251330936,282.3812173147041,62829.45724769121,158949.20182741515,119997.597526026,19493.843232570314,37138.18796315804,137002.92932937303,13.815040018057498,12.310012408299832,10.098588418483557,413013.07100522186,6.694536821091547,1.865826693682324e-5,5.5972499705023875,0.06872524014192832,0.013548802235504922
30.727618506464427,0.0,5.499987065883601e6,0.0,0.0,2.3696774442731184e6,188.90883917672213,2120.700514613428,17424.984782015177,5678.96390765866,25595.919803371708,2635.7714960602098,10.491816031417795,0.0,3.9472186572287756e8,0.0,0.0,1.1089838470234289e6,189.38256800488722,32596.368251330936,282.3812173147041,62829.45724769121,158949.20182741515,119997.597526026,19493.843232570314,37138.18796315804,137002.92932937303,13.815040018057498,12.310012408299832,10.098588418483557,413013.07100522186,6.694536821091547,1.865826693682324e-5,5.5972499705023875,0.06872524014192832,0.013548802235504922
30.727827473098653,0.0,5.499987068045659e6,0.0,0.0,2.36968098452359e6,188.88910238567365,2120.7236584807088,17424.802905107415,5678.9605714014415,25595.93213048996,2635.6619468960935,10.49177774383629,0.0,3.9472202796253824e8,0.0,0.0,1.1089863194993641e6,189.36278629012222,32596.54814866548,282.38025000439575,62828.85885143588,158947.55580740844,119996.38069754992,19493.908188509842,37136.441095508846,136999.02173506466,13.815096314322092,12.31000701822525,10.09856347805373,413013.0175426139,6.693613587772292,1.8642677632050897e-5,5.597192565562133,0.06871577578296859,0.0135471449791042
30.727827473098653,0.0,5.499987068045659e6,0.0,0.0,2.36968098452359e6,188.88910238567365,2120.7236584807088,17424.802905107415,5678.9605714014415,25595.93213048996,2635.6619468960935,10.49177774383629,0.0,3.9472202796253824e8,0.0,0.0,1.1089863194993641e6,189.36278629012222,32596.54814866548,282.38025000439575,62828.85885143588,158947.55580740844,119996.38069754992,19493.908188509842,37136.441095508846,136999.02173506466,13.815096314322092,12.31000701822525,10.09856347805373,413013.0175426139,6.693613587772292,1.8642677632050897e-5,5.597192565562133,0.06871577578296859,0.0135471449791042
30.727891969250418,0.0,5.499987068712891e6,0.0,0.0,2.3696820771787595e6,188.88301117378197,2120.7308016735956,17424.746770398535,5678.9595415770245,25595.935935169327,2635.6281361923498,10.491765926532453,0.0,3.9472207803668845e8,0.0,0.0,1.108987082598934e6,189.3566812136358,32596.603671686764,282.3799515306584,62828.67416156891,158947.04777748705,119996.00513318772,19493.928236072123,37135.901955979694,136997.8156953092,13.815113688702569,12.31000535347871,10.09855577939052,413013.0010417575,6.693328663706823,1.8637868728525627e-5,5.597174848005554,0.06871285493501064,0.013546633519716732
30.727891969250418,0.0,5.499987068712891e6,0.0,0.0,2.3696820771787595e6,188.88301117378197,2120.7308016735956,17424.746770398535,5678.9595415770245,25595.935935169327,2635.6281361923498,10.491765926532453,0.0,3.9472207803668845e8,0.0,0.0,1.108987082598934e6,189.3566812136358,32596.603671686764,282.3799515306584,62828.67416156891,158947.04777748705,119996.00513318772,19493.928236072123,37135.901955979694,136997.8156953092,13.815113688702569,12.31000535347871,10.09855577939052,413013.0010417575,6.693328663706823,1.8637868728525627e-5,5.597174848005554,0.06871285493501064,0.013546633519716732
30.727902511068866,0.0,5.499987068821946e6,0.0,0.0,2.369682255771062e6,188.88201559120012,2120.731969219582,17424.73759526493,5678.959373248485,25595.936557039455,2635.622609914379,10.491763995003943,0.0,3.9472208622124654e8,0.0,0.0,1.1089872073260327e6,189.35568336493893,32596.61274680912,282.37990274907764,62828.643974282866,158946.9647407476,119995.94374771591,19493.93151279277,37135.813835145134,136997.61857014682,13.815116528475526,12.310005081326935,10.098554521009923,413012.99834471324,6.693282094364151,1.8637082836981775e-5,5.5971719520964385,0.06871237753772072,0.013546549924164987
30.727902511068866,0.0,5.499987068821946e6,0.0,0.0,2.369682255771062e6,188.88201559120012,2120.731969219582,17424.73759526493,5678.959373248485,25595.936557039455,2635.622609914379,10.491763995003943,0.0,3.9472208622124654e8,0.0,0.0,1.1089872073260327e6,189.35568336493893,32596.61274680912,282.37990274907764,62828.643974282866,158946.9647407476,119995.94374771591,19493.93151279277,37135.813835145134,136997.61857014682,13.815116528475526,12.310005081326935,10.098554521009923,413012.99834471324,6.693282094364151,1.8637082836981775e-5,5.5971719520964385,0.06871237753772072,0.013546549924164987
30.727905140161397,0.0,5.499987068849144e6,0.0,0.0,2.369682300311317e6,188.8817672972151,2120.732260401441,17424.73530701955,5678.95933126772,25595.936712131675,2635.6212316818346,10.491763513287317,0.0,3.947220882624465e8,0.0,0.0,1.1089872384325087e6,189.35543450403665,32596.61501011066,282.37989058327986,62828.63644568186,158946.94403168227,119995.92843839776,19493.932329994117,37135.79185815642,136997.56940784864,13.81511723670281,12.310005013451006,10.09855420717232,413012.9976720799,6.6932704801839735,1.8636886843551218e-5,5.59717122986705,0.0687122584770281,0.013546529075809567
30.727905140161397,0.0,5.499987068849144e6,0.0,0.0,2.369682300311317e6,188.8817672972151,2120.732260401441,17424.73530701955,5678.95933126772,25595.936712131675,2635.6212316818346,10.491763513287317,0.0,3.947220882624465e8,0.0,0.0,1.1089872384325087e6,189.35543450403665,32596.61501011066,282.37989058327986,62828.63644568186,158946.94403168227,119995.92843839776,19493.932329994117,37135.79185815642,136997.56940784864,13.81511723670281,12.310005013451006,10.09855420717232,413012.9976720799,6.6932704801839735,1.8636886843551218e-5,5.59717122986705,0.0687122584770281,0.013546529075809567
30.72790672277759,0.0,5.499987068865515e6,0.0,0.0,2.369682327122892e6,188.8816178336024,2120.732435682118,17424.73392958084,5678.959305996815,25595.93680549144,2635.6204020373043,10.491763223311738,0.0,3.947220894911732e8,0.0,0.0,1.108987257157482e6,189.3552846656074,32596.616372533837,282.37988325995104,62828.63191374371,158946.9315655942,119995.91922275665,19493.932821918774,37135.77862883167,136997.53981397342,13.815117663028957,12.310004972591786,10.098554018253358,413012.9972671796,6.693263488887978,1.863676886376896e-5,5.59717079511178,0.06871218680700635,0.0135465165258886
30.72790672277759,0.0,5.499987068865515e6,0.0,0.0,2.369682327122892e6,188.8816178336024,2120.732435682118,17424.73392958084,5678.959305996815,25595.93680549144,2635.6204020373043,10.491763223311738,0.0,3.947220894911732e8,0.0,0.0,1.108987257157482e6,189.3552846656074,32596.616372533837,282.37988325995104,62828.63191374371,158946.9315655942,119995.91922275665,19493.932821918774,37135.77862883167,136997.53981397342,13.815117663028957,12.310004972591786,10.098554018253358,413012.9972671796,6.693263488887978,1.863676886376896e-5,5.59717079511178,0.06871218680700635,0.0135465165258886
30.72791346407926,0.0,5.499987068935254e6,0.0,0.0,2.3696824413292385e6,188.8809811806925,2120.7331823065315,17424.72806225307,5678.959198352676,25595.93720316608,2635.6168680917467,10.491761988133327,0.0,3.947220947250493e8,0.0,0.0,1.1089873369182132e6,189.35464641613467,32596.622175899294,282.379852065802,62828.61260953296,158946.87846513628,119995.87996787662,19493.934917315768,37135.72227734774,136997.4137561361,13.815119479001595,12.3100047985445,10.098553213532297,413012.9955424689,6.693233708890725,1.8636266326220225e-5,5.5971689432313525,0.06871188152268352,0.013546463068459316
30.72791346407926,0.0,5.499987068935254e6,0.0,0.0,2.3696824413292385e6,188.8809811806925,2120.7331823065315,17424.72806225307,5678.959198352676,25595.93720316608,2635.6168680917467,10.491761988133327,0.0,3.947220947250493e8,0.0,0.0,1.1089873369182132e6,189.35464641613467,32596.622175899294,282.379852065802,62828.61260953296,158946.87846513628,119995.87996787662,19493.934917315768,37135.72227734774,136997.4137561361,13.815119479001595,12.3100047985445,10.098553213532297,413012.9955424689,6.693233708890725,1.8636266326220225e-5,5.5971689432313525,0.06871188152268352,0.013546463068459316
30.727931754530314,0.0,5.499987069124464e6,0.0,0.0,2.3696827511925707e6,188.87925382942063,2120.735208042329,17424.712143071574,5678.958906290497,25595.93828213395,2635.60727983983,10.491758636853625,0.0,3.947221089255633e8,0.0,0.0,1.1089875533241015e6,189.35291473310724,32596.637921520378,282.3797674321411,62828.560233516946,158946.73439343818,119995.77346186076,19493.940602514816,37135.56938541349,136997.07173726027,13.815124406057304,12.310004326291166,10.098551030143826,413012.99086299684,6.693152910684486,1.8634902913227666e-5,5.597163918725169,0.06871105323428893,0.013546318029230101
30.727931754530314,0.0,5.499987069124464e6,0.0,0.0,2.3696827511925707e6,188.87925382942063,2120.735208042329,17424.712143071574,5678.958906290497,25595.93828213395,2635.60727983983,10.491758636853625,0.0,3.947221089255633e8,0.0,0.0,1.1089875533241015e6,189.35291473310724,32596.637921520378,282.3797674321411,62828.560233516946,158946.73439343818,119995.77346186076,19493.940602514816,37135.56938541349,136997.07173726027,13.815124406057304,12.310004326291166,10.098551030143826,413012.99086299684,6.693152910684486,1.8634902913227666e-5,5.597163918725169,0.06871105323428893,0.013546318029230101
30.727977281228945,0.0,5.499987069595415e6,0.0,0.0,2.369683522469123e6,188.87495435392248,2120.7402502932114,17424.672518754454,5678.958179301252,25595.940967788647,2635.583413905259,10.491750295178685,0.0,3.94722144272008e8,0.0,0.0,1.1089880919770177e6,189.3486044756232,32596.677113712554,282.3795567839806,62828.429864742015,158946.3757855864,119995.50835836682,19493.954753416547,37135.188825834055,136996.2204214058,13.81513666979604,12.310003150619874,10.098545595319887,413012.9792153422,6.692951800383334,1.8631509679766526e-5,5.597151412259586,0.06870899158782705,0.0135459570194522
30.727977281228945,0.0,5.499987069595415e6,0.0,0.0,2.369683522469123e6,188.87495435392248,2120.7402502932114,17424.672518754454,5678.958179301252,25595.940967788647,2635.583413905259,10.491750295178685,0.0,3.94722144272008e8,0.0,0.0,1.1089880919770177e6,189.3486044756232,32596.677113712554,282.3795567839806,62828.429864742015,158946.3757855864,119995.50835836682,19493.954753416547,37135.188825834055,136996.2204214058,13.81513666979604,12.310003150619874,10.098545595319887,413012.9792153422,6.692951800383334,1.8631509679766526e-5,5.597151412259586,0.06870899158782705,0.0135459570194522
30.728076035091576,0.0,5.499987070616917e6,0.0,0.0,2.3696851954616015e6,188.8656285185168,2120.751187644684,17424.586568301187,5678.956602268881,25595.946793351868,2635.531646046869,10.491732200823924,0.0,3.9472222094342923e8,0.0,0.0,1.1089892603805878e6,189.33925525340536,32596.762126255144,282.37909992295954,62828.14707730142,158945.59791685015,119994.93331259953,19493.98544820049,37134.363353889355,136994.37380718897,13.815163270707657,12.310000599504406,10.09853380563554,413012.9539499439,6.692515584403065,1.8624151398989557e-5,5.597124284038649,0.06870451979687814,0.013545173971748693
30.728076035091576,0.0,5.499987070616917e6,0.0,0.0,2.3696851954616015e6,188.8656285185168,2120.751187644684,17424.586568301187,5678.956602268881,25595.946793351868,2635.531646046869,10.491732200823924,0.0,3.9472222094342923e8,0.0,0.0,1.1089892603805878e6,189.33925525340536,32596.762126255144,282.37909992295954,62828.14707730142,158945.59791685015,119994.93331259953,19493.98544820049,37134.363353889355,136994.37380718897,13.815163270707657,12.310000599504406,10.09853380563554,413012.9539499439,6.692515584403065,1.8624151398989557e-5,5.597124284038649,0.06870451979687814,0.013545173971748693
30.728276963889204,0.0,5.499987072695058e6,0.0,0.0,2.369688599336754e6,188.84665519977852,2120.7734412210098,17424.411691161633,5678.953393193063,25595.95864627931,2635.426320079432,10.491695384946683,0.0,3.947223769422381e8,0.0,0.0,1.1089916376177429e6,189.320234354432,32596.935092671305,282.37817064754796,62827.57170983302,158944.0152428007,119993.7633055374,19494.047898879464,37132.68388011744,136990.6166521365,13.815217390348467,12.309995405018054,10.098509814543792,413012.90254395915,6.691628128636196,1.860918889919939e-5,5.5970690881294685,0.06869542219915288,0.013543580891990597
30.728276963889204,0.0,5.499987072695058e6,0.0,0.0,2.369688599336754e6,188.84665519977852,2120.7734412210098,17424.411691161633,5678.953393193063,25595.95864627931,2635.426320079432,10.491695384946683,0.0,3.947223769422381e8,0.0,0.0,1.1089916376177429e6,189.320234354432,32596.935092671305,282.37817064754796,62827.57170983302,158944.0152428007,119993.7633055374,19494.047898879464,37132.68388011744,136990.6166521365,13.815217390348467,12.309995405018054,10.098509814543792,413012.90254395915,6.691628128636196,1.860918889919939e-5,5.5970690881294685,0.06869542219915288,0.013543580891990597
30.728673869497992,0.0,5.499987076799142e6,0.0,0.0,2.369695322935647e6,188.80918176993046,2120.8173998333855,17424.066251929515,5678.947052637703,25595.982059971397,2635.2182762201464,10.491622659214915,0.0,3.947226850947299e8,0.0,0.0,1.1089963333214298e6,189.28266695079756,32597.276748049087,282.3763360763627,62826.43517028589,158940.88894252904,119991.45214826384,19494.171252321634,37129.36658588599,136983.19511451627,13.815324281236782,12.30998512878239,10.098462410629141,413012.800999176,6.689875434686186,1.8579667973645742e-5,5.5969600579009935,0.06867745475575779,0.013540434555410626
30.728673869497992,0.0,5.499987076799142e6,0.0,0.0,2.369695322935647e6,188.80918176993046,2120.8173998333855,17424.066251929515,5678.947052637703,25595.982059971397,2635.2182762201464,10.491622659214915,0.0,3.947226850947299e8,0.0,0.0,1.1089963333214298e6,189.28266695079756,32597.276748049087,282.3763360763627,62826.43517028589,158940.88894252904,119991.45214826384,19494.171252321634,37129.36658588599,136983.19511451627,13.815324281236782,12.30998512878239,10.098462410629141,413012.800999176,6.689875434686186,1.8579667973645742e-5,5.5969600579009935,0.06867745475575779,0.013540434555410626
30.72940905732889,0.0,5.499987084397691e6,0.0,0.0,2.3697077761342092e6,188.73978941841557,2120.898824007166,17423.426413157606,5678.935302797447,25596.025428981637,2634.832959827169,10.491487944783227,0.0,3.947232558836425e8,0.0,0.0,1.109005030528288e6,189.21310058099712,32597.90954468105,282.3729416794387,62824.33001256508,158935.09824746542,119987.17126944556,19494.399708942576,37123.22288381694,136969.44882438943,13.815522223944363,12.30996604051706,10.098374558803046,413012.6129088005,6.686630134192187,1.852511005042108e-5,5.596758105747199,0.06864418608397473,0.013534608565829534
30.72940905732889,0.0,5.499987084397691e6,0.0,0.0,2.3697077761342092e6,188.73978941841557,2120.898824007166,17423.426413157606,5678.935302797447,25596.025428981637,2634.832959827169,10.491487944783227,0.0,3.947232558836425e8,0.0,0.0,1.109005030528288e6,189.21310058099712,32597.90954468105,282.3729416794387,62824.33001256508,158935.09824746542,119987.17126944556,19494.399708942576,37123.22288381694,136969.44882438943,13.815522223944363,12.30996604051706,10.098374558803046,413012.6129088005,6.686630134192187,1.852511005042108e-5,5.596758105747199,0.06864418608397473,0.013534608565829534
30.730909023587387,0.0,5.49998709988677e6,0.0,0.0,2.3697331800694414e6,188.59829082794406,2121.0649483237416,17422.121055006934,5678.911309106013,25596.113911973087,2634.0469917055825,10.491213075120212,0.0,3.9472442042866004e8,0.0,0.0,1.1090227724183437e6,189.0712471482183,32599.200400975627,282.36603147126266,62820.03518109731,158923.2843818705,119978.43751402112,19494.865693174732,37110.69190048297,136941.40545117797,13.815925870261935,12.309926879801889,10.098195135520875,413012.22916129,6.680013794821204,1.841429466149835e-5,5.596346090870965,0.0685763596462453,0.013522730012514597
30.730909023587387,0.0,5.49998709988677e6,0.0,0.0,2.3697331800694414e6,188.59829082794406,2121.0649483237416,17422.121055006934,5678.911309106013,25596.113911973087,2634.0469917055825,10.491213075120212,0.0,3.9472442042866004e8,0.0,0.0,1.1090227724183437e6,189.0712471482183,32599.200400975627,282.36603147126266,62820.03518109731,158923.2843818705,119978.43751402112,19494.865693174732,37110.69190048297,136941.40545117797,13.815925870261935,12.309926879801889,10.098195135520875,413012.22916129,6.680013794821204,1.841429466149835e-5,5.596346090870965,0.0685763596462453,0.013522730012514597
30.733386397240587,0.0,5.499987125428172e6,0.0,0.0,2.3697751268608025e6,188.36482123728118,2121.3393187515194,17419.965312338092,5678.87161867867,25596.260050481666,2632.749380457239,10.490759040143088,0.0,3.9472634379489684e8,0.0,0.0,1.1090520676969574e6,188.83719207548125,32601.33179810311,282.3546630824007,62812.94238383825,158903.77411697313,119964.01356470799,19495.634956984934,37090.00634927692,136895.09576361632,13.816591934812989,12.309861566832776,10.097898256844937,413011.5953672607,6.669100451756298,1.8232719452886424e-5,5.595665651382931,0.06846448278668152,0.013503134404743626
30.733386397240587,0.0,5.499987125428172e6,0.0,0.0,2.3697751268608025e6,188.36482123728118,2121.3393187515194,17419.965312338092,5678.87161867867,25596.260050481666,2632.749380457239,10.490759040143088,0.0,3.9472634379489684e8,0.0,0.0,1.1090520676969574e6,188.83719207548125,32601.33179810311,282.3546630824007,62812.94238383825,158903.77411697313,119964.01356470799,19495.634956984934,37090.00634927692,136895.09576361632,13.816591934812989,12.309861566832776,10.097898256844937,413011.5953672607,6.669100451756298,1.8232719452886424e-5,5.595665651382931,0.06846448278668152,0.013503134404743626
30.737219601417703,0.0,5.499987164848389e6,0.0,0.0,2.3698400039034067e6,188.004146572802,2121.7638389174977,17416.630284526364,5678.810054148158,25596.486164210943,2630.7428546594283,10.490056383867039,0.0,3.94729319744516e8,0.0,0.0,1.1090973772659865e6,188.4756129311079,32604.62819012043,282.33718235778986,62801.96934992904,158873.59045699704,119941.69779017179,19496.824332112905,37058.026555385586,136823.45938345007,13.81762104046284,12.309758952328531,10.097437576568655,413010.61473374726,6.6522495208054355,1.795529280848247e-5,5.59461294583577,0.06829173666762237,0.013472871378545295
30.737219601417703,0.0,5.499987164848389e6,0.0,0.0,2.3698400039034067e6,188.004146572802,2121.7638389174977,17416.630284526364,5678.810054148158,25596.486164210943,2630.7428546594283,10.490056383867039,0.0,3.94729319744516e8,0.0,0.0,1.1090973772659865e6,188.4756129311079,32604.62819012043,282.33718235778986,62801.96934992904,158873.59045699704,119941.69779017179,19496.824332112905,37058.026555385586,136823.45938345007,13.81762104046284,12.309758952328531,10.097437576568655,413010.61473374726,6.6522495208054355,1.795529280848247e-5,5.59461294583577,0.06829173666762237,0.013472871378545295
30.743425314524707,0.0,5.499987228411492e6,0.0,0.0,2.3699449671857245e6,187.42170076472118,2122.451086289302,17411.23242981878,5678.709993519776,25596.852216947926,2627.497631950867,10.488918482037281,0.0,3.947341374962496e8,0.0,0.0,1.1091706827203475e6,187.89170649777463,32609.961011241274,282.30916320396204,62784.20869495625,158824.7360823446,119905.57562761828,19498.747548953605,37006.32188930181,136707.53086307377,13.819283270755255,12.309588819530308,10.096688356826125,413009.0272197846,6.625059153222879,1.7515077528134714e-5,5.5929090139645865,0.06801299457140335,0.013424023826102173
30.743425314524707,0.0,5.499987228411492e6,0.0,0.0,2.3699449671857245e6,187.42170076472118,2122.451086289302,17411.23242981878,5678.709993519776,25596.852216947926,2627.497631950867,10.488918482037281,0.0,3.947341374962496e8,0.0,0.0,1.1091706827203475e6,187.89170649777463,32609.961011241274,282.30916320396204,62784.20869495625,158824.7360823446,119905.57562761828,19498.747548953605,37006.32188930181,136707.53086307377,13.819283270755255,12.309588819530308,10.096688356826125,413009.0272197846,6.625059153222879,1.7515077528134714e-5,5.5929090139645865,0.06801299457140335,0.013424023826102173
30.75273584741689,0.0,5.499987323186328e6,0.0,0.0,2.3701022865751465e6,186.551230517382,2123.482119773886,17403.13705261421,5678.55896348766,25597.401386390964,2622.6362162927066,10.487210468237288,0.0,3.947413653676093e8,0.0,0.0,1.1092805532299834e6,187.01905333348918,32617.953069719966,282.26777452087157,62757.57134093742,158751.46468121163,119851.39409229979,19501.62763897559,36928.907295317455,136533.70873060377,13.821768276079252,12.309324285550437,10.095556397527375,413006.6456078537,6.584473311388673,1.6874775812008018e-5,5.5903533459051555,0.06759692419540542,0.013351075107964806
30.75273584741689,0.0,5.499987323186328e6,0.0,0.0,2.3701022865751465e6,186.551230517382,2123.482119773886,17403.13705261421,5678.55896348766,25597.401386390964,2622.6362162927066,10.487210468237288,0.0,3.947413653676093e8,0.0,0.0,1.1092805532299834e6,187.01905333348918,32617.953069719966,282.26777452087157,62757.57134093742,158751.46468121163,119851.39409229979,19501.62763897559,36928.907295317455,136533.70873060377,13.821768276079252,12.309324285550437,10.095556397527375,413006.6456078537,6.584473311388673,1.6874775812008018e-5,5.5903533459051555,0.06759692419540542,0.013351075107964806
30.767682204035065,0.0,5.499987473861457e6,0.0,0.0,2.370354436210458e6,185.16229624880984,2125.1371172480617,17390.149213670684,5678.314237461319,25598.282913412088,2614.850750881975,10.484466560475772,0.0,3.9475296768867916e8,0.0,0.0,1.1094566523684182e6,185.62663597269022,32630.760679927233,282.2029502696049,62714.83315635931,158633.90515102423,119764.44862465559,19506.237697233686,36805.02970279317,136254.9390977869,13.825735272508556,12.308876370981926,10.093719474285189,413002.8227738149,6.51983946396351,1.5895475754333176e-5,5.586252620334598,0.06693431165719037,0.013234812502851452
30.767682204035065,0.0,5.499987473861457e6,0.0,0.0,2.370354436210458e6,185.16229624880984,2125.1371172480617,17390.149213670684,5678.314237461319,25598.282913412088,2614.850750881975,10.484466560475772,0.0,3.9475296768867916e8,0.0,0.0,1.1094566523684182e6,185.62663597269022,32630.760679927233,282.2029502696049,62714.83315635931,158633.90515102423,119764.44862465559,19506.237697233686,36805.02970279317,136254.9390977869,13.825735272508556,12.308876370981926,10.093719474285189,413002.8227738149,6.51983946396351,1.5895475754333176e-5,5.586252620334598,0.06693431165719037,0.013234812502851452
30.78882094379238,0.0,5.499987683909814e6,0.0,0.0,2.370710217834549e6,183.21555349705088,2127.477501266957,17371.796834979297,5677.963340718459,25599.529528415864,2603.878830632296,10.480581634616497,0.0,3.947693754546358e8,0.0,0.0,1.1097051271972468e6,183.67501128756723,32648.82810065924,282.1146388427349,62654.4370883021,158467.77515645287,119641.55093019182,19512.72958035679,36630.661454222085,135861.2432584457,13.831299144013542,12.30819407692059,10.091080024671797,412997.4169812276,6.429509069303261,1.4606688875460455e-5,5.580457006389807,0.06600824018577049,0.013072139358101477
30.78882094379238,0.0,5.499987683909814e6,0.0,0.0,2.370710217834549e6,183.21555349705088,2127.477501266957,17371.796834979297,5677.963340718459,25599.529528415864,2603.878830632296,10.480581634616497,0.0,3.947693754546358e8,0.0,0.0,1.1097051271972468e6,183.67501128756723,32648.82810065924,282.1146388427349,62654.4370883021,158467.77515645287,119641.55093019182,19512.72958035679,36630.661454222085,135861.2432584457,13.831299144013542,12.30819407692059,10.091080024671797,412997.4169812276,6.429509069303261,1.4606688875460455e-5,5.580457006389807,0.06600824018577049,0.013072139358101477
30.819016606810788,0.0,5.499987977859129e6,0.0,0.0,2.3712167418105733e6,180.47017273789461,2130.8200343606786,17345.614677344573,5677.45241243033,25601.30998210014,2588.28513199143,10.47502373450286,0.0,3.947928101436709e8,0.0,0.0,1.1100588791892496e6,180.9227458150029,32674.54264092673,281.9952401326122,62568.26356134032,158230.74152342722,119466.14055250994,19521.945811465004,36383.2672275781,135300.03218615687,13.839152243066067,12.30712063019037,10.087225768433138,412989.69686621433,6.302642864370071,1.2944835608306397e-5,5.572186549099326,0.06470755554478158,0.012843293432877805
30.819016606810788,0.0,5.499987977859129e6,0.0,0.0,2.3712167418105733e6,180.47017273789461,2130.8200343606786,17345.614677344573,5677.45241243033,25601.30998210014,2588.28513199143,10.47502373450286,0.0,3.947928101436709e8,0.0,0.0,1.1100588791892496e6,180.9227458150029,32674.54264092673,281.9952401326122,62568.26356134032,158230.74152342722,119466.14055250994,19521.945811465004,36383.2672275781,135300.03218615687,13.839152243066067,12.30712063019037,10.087225768433138,412989.69686621433,6.302642864370071,1.2944835608306397e-5,5.572186549099326,0.06470755554478158,0.012843293432877805
30.855243971495728,0.0,5.499988321282941e6,0.0,0.0,2.371821827995879e6,177.230622028583,2134.829331124223,17314.25419381007,5676.824427613737,25603.44565907001,2569.6987224542577,10.468342586714801,0.0,3.9482092133495134e8,0.0,0.0,1.110481466181213e6,177.6750711403251,32705.249126930987,281.8622718625254,62465.03081273722,157946.78651178893,119255.91519187976,19532.914583285765,36089.04665299194,134628.53633907545,13.848427628749747,12.305680074121346,10.082472039157036,412980.4374803901,6.153733599845103,1.1198585269962023e-5,5.562276957055806,0.06318080669430978,0.012574110638924598
30.855243971495728,0.0,5.499988321282941e6,0.0,0.0,2.371821827995879e6,177.230622028583,2134.829331124223,17314.25419381007,5676.824427613737,25603.44565907001,2569.6987224542577,10.468342586714801,0.0,3.9482092133495134e8,0.0,0.0,1.110481466181213e6,177.6750711403251,32705.249126930987,281.8622718625254,62465.03081273722,157946.78651178893,119255.91519187976,19532.914583285765,36089.04665299194,134628.53633907545,13.848427628749747,12.305680074121346,10.082472039157036,412980.4374803901,6.153733599845103,1.1198585269962023e-5,5.562276957055806,0.06318080669430978,0.012574110638924598
30.894232796418574,0.0,5.499988679932104e6,0.0,0.0,2.3724698614344266e6,173.8090740730044,2139.143115721791,17280.566090859636,5676.130363784112,25605.74360379717,2549.843455329423,10.461136447089126,0.0,3.9485116963614005e8,0.0,0.0,1.1109340471657699e6,174.24494281679296,32738.12162284399,281.7314140147071,62354.11720113215,157641.7073513051,119029.9408798249,19544.61199916786,35775.52805381785,133908.08937893345,13.858232339689366,12.303944703656988,10.077199107291435,412970.4758561439,5.997401922719555,9.581480832447431e-6,5.551627807195029,0.06157787485989632,0.01229082300568096
30.894232796418574,0.0,5.499988679932104e6,0.0,0.0,2.3724698614344266e6,173.8090740730044,2139.143115721791,17280.566090859636,5676.130363784112,25605.74360379717,2549.843455329423,10.461136447089126,0.0,3.9485116963614005e8,0.0,0.0,1.1109340471657699e6,174.24494281679296,32738.12162284399,281.7314140147071,62354.11720113215,157641.7073513051,119029.9408798249,19544.61199916786,35775.52805381785,133908.08937893345,13.858232339689366,12.303944703656988,10.077199107291435,412970.4758561439,5.997401922719555,9.581480832447431e-6,5.551627807195029,0.06157787485989632,0.01229082300568096
30.93709207554248,0.0,5.499989061489376e6,0.0,0.0,2.373178446063323e6,170.12403382731299,2143.883785671927,17243.60879582979,5675.345704651776,25608.269034695004,2528.192722629125,10.453196374934548,0.0,3.9488441390908045e8,0.0,0.0,1.111428916581315e6,170.5506614318154,32774.05073003978,281.6018455443849,62232.418292756636,157306.9655720795,118781.86721668951,19557.342512174317,35434.59046473075,133118.81770363558,13.868798778292302,12.301817191156253,10.071216531061875,412959.5297152853,5.830129648903744,8.071949597801033e-6,5.539940497407219,0.05986267061512774,0.01198690477670028
30.93709207554248,0.0,5.499989061489376e6,0.0,0.0,2.373178446063323e6,170.12403382731299,2143.883785671927,17243.60879582979,5675.345704651776,25608.269034695004,2528.192722629125,10.453196374934548,0.0,3.9488441390908045e8,0.0,0.0,1.111428916581315e6,170.5506614318154,32774.05073003978,281.6018455443849,62232.418292756636,157306.9655720795,118781.86721668951,19557.342512174317,35434.59046473075,133118.81770363558,13.868798778292302,12.301817191156253,10.071216531061875,412959.5297152853,5.830129648903744,8.071949597801033e-6,5.539940497407219,0.05986267061512774,0.01198690477670028
30.982589531320542,0.0,5.49998945247028e6,0.0,0.0,2.3739263396568396e6,166.2976165513862,2148.9147163399957,17204.462459126156,5674.487993127315,25610.949187395046,2505.408860934506,10.444746550174944,0.0,3.9491969671832645e8,0.0,0.0,1.1119512390399466e6,166.7146484791372,32811.957316316155,281.4802236787147,62103.48650421444,156952.33290890174,118518.90979818298,19570.710354814943,35076.86408801967,132284.07741815006,13.879774347302908,12.299308530305966,10.06465408382995,412947.91495411535,5.657663045898345,6.728856482963869e-6,5.527555639939666,0.0580941006943354,0.011672646546769059
30.982589531320542,0.0,5.49998945247028e6,0.0,0.0,2.3739263396568396e6,166.2976165513862,2148.9147163399957,17204.462459126156,5674.487993127315,25610.949187395046,2505.408860934506,10.444746550174944,0.0,3.9491969671832645e8,0.0,0.0,1.1119512390399466e6,166.7146484791372,32811.957316316155,281.4802236787147,62103.48650421444,156952.33290890174,118518.90979818298,19570.710354814943,35076.86408801967,132284.07741815006,13.879774347302908,12.299308530305966,10.06465408382995,412947.91495411535,5.657663045898345,6.728856482963869e-6,5.527555639939666,0.0580941006943354,0.011672646546769059
31.0,0.0,5.499989598361854e6,0.0,0.0,2.374211367172003e6,164.85623969324507,2150.839475163804,17189.505716831845,5674.153053940747,25611.974599168494,2496.7441848720764,10.441507402820909,0.0,3.949331962345511e8,0.0,0.0,1.1121502998071308e6,165.2696570161555,32826.39982401287,281.43792342882995,62054.21868202035,156816.8205060226,118418.3903158087,19575.786077028162,34941.10618588092,131965.50252424704,13.88390889342908,12.298280780437711,10.062085580609592,412943.47178195824,5.593023447961359,6.2761914601628e-6,5.522822314104525,0.0574312224603902,0.011554621211546033
31.030764340394715,0.0,5.499989851236905e6,0.0,0.0,2.3747134370839144e6,162.33979675101307,2154.2399557016374,17163.10866716895,5673.552152247354,25613.786232823528,2481.5063157906156,10.435776235722166,0.0,3.9495704703979313e8,0.0,0.0,1.1125009411190338e6,162.74690347805904,32851.83502591567,281.3688034658759,61967.25759555046,156577.63304270097,118240.91694046785,19584.701261489205,34702.741968630275,131403.74284480495,13.891126389535456,12.296373531094325,10.057470026406456,412935.6226675705,5.48060525879742,5.549489710874735e-6,5.514466626520372,0.05627833958299856,0.011349033312423198
31.030764340394715,0.0,5.499989851236905e6,0.0,0.0,2.3747134370839144e6,162.33979675101307,2154.2399557016374,17163.10866716895,5673.552152247354,25613.786232823528,2481.5063157906156,10.435776235722166,0.0,3.9495704703979313e8,0.0,0.0,1.1125009411190338e6,162.74690347805904,32851.83502591567,281.3688034658759,61967.25759555046,156577.63304270097,118240.91694046785,19584.701261489205,34702.741968630275,131403.74284480495,13.891126389535456,12.296373531094325,10.057470026406456,412935.6226675705,5.48060525879742,5.549489710874735e-6,5.514466626520372,0.05627833958299856,0.011349033312423198
31.081007081499145,0.0,5.499990251068954e6,0.0,0.0,2.375529086698272e6,158.31239725876787,2159.791869589874,17120.08487189367,5672.545985249907,25616.744151222258,2456.8188152976372,10.426395768319459,0.0,3.949959910626804e8,0.0,0.0,1.1130705838003538e6,158.70940429702154,32893.14388617714,281.27104749086266,61825.49893819265,156187.72743406772,117951.47727262085,19599.11421919634,34317.59650859701,130489.51845980051,13.902672212472698,12.293009613924957,10.04972205139348,412922.8094408678,5.301847445367215,4.539128417627929e-6,5.500842887384967,0.05444502895439137,0.011021255516067382
31.081007081499145,0.0,5.499990251068954e6,0.0,0.0,2.375529086698272e6,158.31239725876787,2159.791869589874,17120.08487189367,5672.545985249907,25616.744151222258,2456.8188152976372,10.426395768319459,0.0,3.949959910626804e8,0.0,0.0,1.1130705838003538e6,158.70940429702154,32893.14388617714,281.27104749086266,61825.49893819265,156187.72743406772,117951.47727262085,19599.11421919634,34317.59650859701,130489.51845980051,13.902672212472698,12.293009613924957,10.04972205139348,412922.8094408678,5.301847445367215,4.539128417627929e-6,5.500842887384967,0.05444502895439137,0.011021255516067382
31.133120399249705,0.0,5.49999064915243e6,0.0,0.0,2.376369493711305e6,154.24058442368306,2165.5484147377697,17075.572413557555,5671.46999756596,25619.811208396284,2431.4697219841332,10.416639408966812,0.0,3.9503637466699475e8,0.0,0.0,1.1136575168361545e6,154.62738039582965,32935.692222226506,281.18892748486866,61678.80562859114,155784.25304357166,117651.7920902722,19613.872032402243,33923.47208526693,129545.5000532911,13.91433317772439,12.289196461649018,10.04141270887045,412909.52660969493,5.122591916768972,3.6850413403433354e-6,5.486741320816784,0.05260649549525785,0.01069145352018372
31.133120399249705,0.0,5.49999064915243e6,0.0,0.0,2.376369493711305e6,154.24058442368306,2165.5484147377697,17075.572413557555,5671.46999756596,25619.811208396284,2431.4697219841332,10.416639408966812,0.0,3.9503637466699475e8,0.0,0.0,1.1136575168361545e6,154.62738039582965,32935.692222226506,281.18892748486866,61678.80562859114,155784.25304357166,117651.7920902722,19613.872032402243,33923.47208526693,129545.5000532911,13.91433317772439,12.289196461649018,10.04141270887045,412909.52660969493,5.122591916768972,3.6850413403433354e-6,5.486741320816784,0.05260649549525785,0.01069145352018372
31.1867583189974,0.0,5.499991041913422e6,0.0,0.0,2.3772285619321344e6,150.1589890897818,2171.4711624451193,17029.877749249048,5670.328304629982,25622.96693763165,2405.6501512701957,10.4065697445857,0.0,3.950779287270594e8,0.0,0.0,1.1142574826991134e6,150.53554946381402,32979.17257049677,281.1242407772753,61528.18573318897,155369.98259390992,117343.91008332535,19628.85859173576,33523.43872618412,128578.41546028001,13.926002728781269,12.2849302962457,10.032573099708836,412895.86330876645,4.944419256682038,2.9734713206399683e-6,5.472258601843949,0.050778949063498946,0.010362492852414133
31.1867583189974,0.0,5.499991041913422e6,0.0,0.0,2.3772285619321344e6,150.1589890897818,2171.4711624451193,17029.877749249048,5670.328304629982,25622.96693763165,2405.6501512701957,10.4065697445857,0.0,3.950779287270594e8,0.0,0.0,1.1142574826991134e6,150.53554946381402,32979.17257049677,281.1242407772753,61528.18573318897,155369.98259390992,117343.91008332535,19628.85859173576,33523.43872618412,128578.41546028001,13.926002728781269,12.2849302962457,10.032573099708836,412895.86330876645,4.944419256682038,2.9734713206399683e-6,5.472258601843949,0.050778949063498946,0.010362492852414133
31.241695482123443,0.0,5.499991427092653e6,0.0,0.0,2.37810225123542e6,146.09046870534945,2177.5350454320424,16983.202151427606,5669.123165017477,25626.197988464668,2379.487326598168,10.396227347221952,0.0,3.9512047777848816e8,0.0,0.0,1.1148676598004124e6,146.45682626989947,33023.38223963453,281.07815698784,61374.3013599617,154946.73717263233,117029.1771485705,19643.9956707064,33119.54258389522,127592.73265748227,13.93760752430452,12.280205060438615,10.023220672922458,412881.8778160214,4.768353132312926,2.386866487540879e-6,5.4574582324260925,0.04897289075238076,0.010036243767430047
31.241695482123443,0.0,5.499991427092653e6,0.0,0.0,2.37810225123542e6,146.09046870534945,2177.5350454320424,16983.202151427606,5669.123165017477,25626.197988464668,2379.487326598168,10.396227347221952,0.0,3.9512047777848816e8,0.0,0.0,1.1148676598004124e6,146.45682626989947,33023.38223963453,281.07815698784,61374.3013599617,154946.73717263233,117029.1771485705,19643.9956707064,33119.54258389522,127592.73265748227,13.93760752430452,12.280205060438615,10.023220672922458,412881.8778160214,4.768353132312926,2.386866487540879e-6,5.4574582324260925,0.04897289075238076,0.010036243767430047
31.297708692831275,0.0,5.499991802769498e6,0.0,0.0,2.3789866523054936e6,142.05573393812597,2183.7152684956586,16935.74316790641,5667.857341366896,25629.491153180214,2353.102921867645,10.385652868549183,0.0,3.951638482014757e8,0.0,0.0,1.115485317907584e6,142.4119734188884,33068.12570715347,281.0514793787981,61217.80290833515,154516.30559953136,116708.91857438974,19659.208886098884,32713.717705369552,126592.81400700007,13.949080100356186,12.275020194554891,10.013377346331689,412867.62775337463,4.595291861294711,1.907757693228852e-6,5.442402658944822,0.04719753846182369,0.009714369348036067
31.297708692831275,0.0,5.499991802769498e6,0.0,0.0,2.3789866523054936e6,142.05573393812597,2183.7152684956586,16935.74316790641,5667.857341366896,25629.491153180214,2353.102921867645,10.385652868549183,0.0,3.951638482014757e8,0.0,0.0,1.115485317907584e6,142.4119734188884,33068.12570715347,281.0514793787981,61217.80290833515,154516.30559953136,116708.91857438974,19659.208886098884,32713.717705369552,126592.81400700007,13.949080100356186,12.275020194554891,10.013377346331689,412867.62775337463,4.595291861294711,1.907757693228852e-6,5.442402658944822,0.04719753846182369,0.009714369348036067
31.354624487853464,0.0,5.49999216764119e6,0.0,0.0,2.3798787321783965e6,138.07010668384143,2189.992555804245,16887.654410576975,5666.532995083931,25632.836163083448,2326.590940946807,10.374878023491943,0.0,3.952079050457415e8,0.0,0.0,1.1161083388246628e6,138.41635122991013,33113.252235299355,281.04466158891245,61059.196407669115,154080.07957191486,116384.16720294846,19674.440445192184,32307.448141294415,125582.06865282559,13.960368310686201,12.269375890036986,10.00306084256411,412853.1579821836,4.425874323721538,1.519323833813879e-6,5.427140502419686,0.04545945081331213,0.009398072233043538
31.354624487853464,0.0,5.49999216764119e6,0.0,0.0,2.3798787321783965e6,138.07010668384143,2189.992555804245,16887.654410576975,5666.532995083931,25632.836163083448,2326.590940946807,10.374878023491943,0.0,3.952079050457415e8,0.0,0.0,1.1161083388246628e6,138.41635122991013,33113.252235299355,281.04466158891245,61059.196407669115,154080.07957191486,116384.16720294846,19674.440445192184,32307.448141294415,125582.06865282559,13.960368310686201,12.269375890036986,10.00306084256411,412853.1579821836,4.425874323721538,1.519323833813879e-6,5.427140502419686,0.04545945081331213,0.009398072233043538
31.41228160409566,0.0,5.499992520708827e6,0.0,0.0,2.3807757262701024e6,134.14657125224116,2196.3490046317183,16839.077652359636,5665.15244713012,25636.223479538097,2300.0361263158534,10.363932595667373,0.0,3.95252522943145e8,0.0,0.0,1.116734791789923e6,134.48297657404092,33158.62500548595,281.05789283403175,60898.9492527854,153639.34449701855,116055.87919883955,19689.638439077826,31902.055647092915,124563.63223557577,13.97142678279864,12.263275658341815,9.992290510661554,412838.51016485924,4.2606176988673345,1.2063954234933038e-6,5.411716717839218,0.04376393947486527,0.009088345432903435
31.41228160409566,0.0,5.499992520708827e6,0.0,0.0,2.3807757262701024e6,134.14657125224116,2196.3490046317183,16839.077652359636,5665.15244713012,25636.223479538097,2300.0361263158534,10.363932595667373,0.0,3.95252522943145e8,0.0,0.0,1.116734791789923e6,134.48297657404092,33158.62500548595,281.05789283403175,60898.9492527854,153639.34449701855,116055.87919883955,19689.638439077826,31902.055647092915,124563.63223557577,13.97142678279864,12.263275658341815,9.992290510661554,412838.51016485924,4.2606176988673345,1.2063954234933038e-6,5.411716717839218,0.04376393947486527,0.009088345432903435
31.470563532797772,0.0,5.499992861429961e6,0.0,0.0,2.381675633504466e6,130.29381988781094,2202.771670588195,16790.11561708626,5663.717334236366,25639.64620481517,2273.4995059765206,10.352838197613616,0.0,3.9529761128036106e8,0.0,0.0,1.1173632792689814e6,130.62056349369453,33204.14607589572,281.091155775062,60737.40036240109,153195.0324098952,115724.74953578493,19704.765046816785,31498.482529936544,123539.79885852116,13.982222530074159,12.256722216454513,9.981080670706334,412823.7145036232,4.099840524787796,9.555284028834894e-7,5.396163937274769,0.04211427925787599,0.008785823848077785
31.470563532797772,0.0,5.499992861429961e6,0.0,0.0,2.381675633504466e6,130.29381988781094,2202.771670588195,16790.11561708626,5663.717334236366,25639.64620481517,2273.4995059765206,10.352838197613616,0.0,3.9529761128036106e8,0.0,0.0,1.1173632792689814e6,130.62056349369453,33204.14607589572,281.091155775062,60737.40036240109,153195.0324098952,115724.74953578493,19704.765046816785,31498.482529936544,123539.79885852116,13.982222530074159,12.256722216454513,9.981080670706334,412823.7145036232,4.099840524787796,9.555284028834894e-7,5.396163937274769,0.04211427925787599,0.008785823848077785
31.5,0.0,5.499993027573438e6,0.0,0.0,2.3821275649141576e6,128.3901685673063,2206.0145471452615,16765.44015995374,5662.977444033208,25641.374422827164,2260.2124694933364,10.34722332988402,0.0,3.953203790637704e8,0.0,0.0,1.117678904281803e6,128.71213830212415,33227.008092974815,281.1153359586612,60655.97293992303,152971.08163142967,115557.78146759176,19712.31521059009,31296.99283325738,123024.85851119329,13.98752986243788,12.253265647600498,9.975296840313094,412816.2458884587,4.020957298380676,8.493901489083389e-7,5.388323309387667,0.041304855595390405,0.0086369488797097
31.529360966374377,0.0,5.499993189438733e6,0.0,0.0,2.3825766176868477e6,126.5191065074314,2209.2484224996656,16740.8639021103,5662.229425650046,25643.097873516985,2247.0363619256127,10.341615327827096,0.0,3.9534308511279637e8,0.0,0.0,1.1179925188792804e6,126.83638409672155,33249.72602756466,281.14427366360354,60574.86539916993,152748.01137709685,115391.42704677403,19719.786150696036,31097.56998861107,122512.69438250731,13.992726943554317,12.249720618876001,9.969446914369769,412808.79929665197,3.9437883456329117,7.552695871653408e-7,5.380512586637206,0.04051299676719407,0.008491015427153288
31.529360966374377,0.0,5.499993189438733e6,0.0,0.0,2.3825766176868477e6,126.5191065074314,2209.2484224996656,16740.8639021103,5662.229425650046,25643.097873516985,2247.0363619256127,10.341615327827096,0.0,3.9534308511279637e8,0.0,0.0,1.1179925188792804e6,126.83638409672155,33249.72602756466,281.14427366360354,60574.86539916993,152748.01137709685,115391.42704677403,19719.786150696036,31097.56998861107,122512.69438250731,13.992726943554317,12.249720618876001,9.969446914369769,412808.79929665197,3.9437883456329117,7.552695871653408e-7,5.380512586637206,0.04051299676719407,0.008491015427153288
31.588585775779052,0.0,5.499993504597057e6,0.0,0.0,2.3834772153527415e6,122.82749995508827,2215.769480052915,16691.3993897137,5660.69023362731,25646.573272210535,2220.690244301705,10.330280668508165,0.0,3.953888759641122e8,0.0,0.0,1.118621488549786e6,123.13551993847312,33295.29441925812,281.21695173336474,60411.59848053217,152298.9801960368,115056.43563242875,19734.674697869796,30699.969504623714,121484.0359863375,14.002917935299884,12.242276214517002,9.957403013277428,412793.7873969428,3.792606054772189,5.959611718196366e-7,5.364787192950972,0.038961586319788064,0.008204246314962109
31.588585775779052,0.0,5.499993504597057e6,0.0,0.0,2.3834772153527415e6,122.82749995508827,2215.769480052915,16691.3993897137,5660.69023362731,25646.573272210535,2220.690244301705,10.330280668508165,0.0,3.953888759641122e8,0.0,0.0,1.118621488549786e6,123.13551993847312,33295.29441925812,281.21695173336474,60411.59848053217,152298.9801960368,115056.43563242875,19734.674697869796,30699.969504623714,121484.0359863375,14.002917935299884,12.242276214517002,9.957403013277428,412793.7873969428,3.792606054772189,5.959611718196366e-7,5.364787192950972,0.038961586319788064,0.008204246314962109
31.64817228900857,0.0,5.499993806963742e6,0.0,0.0,2.384376342664151e6,119.22204454966251,2222.327549988375,16641.77943097687,5659.1009079678815,25650.06851227783,2194.492980988184,10.318846780573052,0.0,3.954349327917961e8,0.0,0.0,1.1192494313373554e6,119.52102297220408,33340.80009364819,281.3088223101124,60247.789416275984,151848.460804943,114720.16819474279,19749.41059415331,30306.146363066146,120455.1192814489,14.012779454586514,12.234393758922149,9.944960045332586,412778.6959044154,3.6463486515822656,4.695756732639451e-7,5.349006109861258,0.03746061999374572,0.00792567783882509
31.64817228900857,0.0,5.499993806963742e6,0.0,0.0,2.384376342664151e6,119.22204454966251,2222.327549988375,16641.77943097687,5659.1009079678815,25650.06851227783,2194.492980988184,10.318846780573052,0.0,3.954349327917961e8,0.0,0.0,1.1192494313373554e6,119.52102297220408,33340.80009364819,281.3088223101124,60247.789416275984,151848.460804943,114720.16819474279,19749.41059415331,30306.146363066146,120455.1192814489,14.012779454586514,12.234393758922149,9.944960045332586,412778.6959044154,3.6463486515822656,4.695756732639451e-7,5.349006109861258,0.03746061999374572,0.00792567783882509
31.708056059364075,0.0,5.499994096659008e6,0.0,0.0,2.3852729655511966e6,115.70522462691987,2228.915485870998,16592.059716730862,5657.462747689418,25653.579782848028,2168.474448924445,10.30732613229365,0.0,3.954812055589294e8,0.0,0.0,1.119875625056471e6,115.99538376375939,33386.19445088795,281.4194443632651,60083.62265441298,151396.96040484044,114383.00734378259,19763.975129875518,29916.52910967299,119427.19202701448,14.022297441632697,12.226079673214118,9.932130364541957,412763.54155572416,3.505043772606891,3.6955307962764667e-7,5.333187190072017,0.03601038911242931,0.007655423033457163
31.708056059364075,0.0,5.499994096659008e6,0.0,0.0,2.3852729655511966e6,115.70522462691987,2228.915485870998,16592.059716730862,5657.462747689418,25653.579782848028,2168.474448924445,10.30732613229365,0.0,3.954812055589294e8,0.0,0.0,1.119875625056471e6,115.99538376375939,33386.19445088795,281.4194443632651,60083.62265441298,151396.96040484044,114383.00734378259,19763.975129875518,29916.52910967299,119427.19202701448,14.022297441632697,12.226079673214118,9.932130364541957,412763.54155572416,3.505043772606891,3.6955307962764667e-7,5.333187190072017,0.03601038911242931,0.007655423033457163
31.76820356504805,0.0,5.499994373990178e6,0.0,0.0,2.386166538341503e6,112.2773373693267,2235.529553219636,16542.269739616902,5655.77635376881,25657.105091191785,2142.649950352302,10.295725356135915,0.0,3.955276681723881e8,0.0,0.0,1.120499688614235e6,112.55890024086312,33431.45362989399,281.5483792233141,59919.19622759694,150944.74854404875,114045.15873702404,19778.357997408017,29531.322211349412,118400.94876775495,14.031464207866453,12.217337567846165,9.918920939602387,412748.3332160705,3.3686283889733106,2.905292791174646e-7,5.31733997096484,0.03461025440658031,0.007393423841353048
31.76820356504805,0.0,5.499994373990178e6,0.0,0.0,2.386166538341503e6,112.2773373693267,2235.529553219636,16542.269739616902,5655.77635376881,25657.105091191785,2142.649950352302,10.295725356135915,0.0,3.955276681723881e8,0.0,0.0,1.120499688614235e6,112.55890024086312,33431.45362989399,281.5483792233141,59919.19622759694,150944.74854404875,114045.15873702404,19778.357997408017,29531.322211349412,118400.94876775495,14.031464207866453,12.217337567846165,9.918920939602387,412748.3332160705,3.3686283889733106,2.905292791174646e-7,5.31733997096484,0.03461025440658031,0.007393423841353048
31.82856911118954,0.0,5.499994639227869e6,0.0,0.0,2.3870563528367276e6,108.93912761018362,2242.1646861301647,16492.44869057898,5654.042775640539,25660.641734686687,2117.0391966248108,10.284053513361311,0.0,3.955742851702555e8,0.0,0.0,1.121121127411011e6,109.21231910466749,33476.54553539733,281.6951291333636,59754.640248966796,150492.18301362533,113706.89427289795,19792.546616672138,29150.791844313993,117377.27492302554,14.040271269211845,12.208173899937945,9.905342312395744,412733.08279345714,3.2370563886358545,2.2820450423770156e-7,5.301477089101654,0.033259750026180306,0.007139655441754211
31.82856911118954,0.0,5.499994639227869e6,0.0,0.0,2.3870563528367276e6,108.93912761018362,2242.1646861301647,16492.44869057898,5654.042775640539,25660.641734686687,2117.0391966248108,10.284053513361311,0.0,3.955742851702555e8,0.0,0.0,1.121121127411011e6,109.21231910466749,33476.54553539733,281.6951291333636,59754.640248966796,150492.18301362533,113706.89427289795,19792.546616672138,29150.791844313993,117377.27492302554,14.040271269211845,12.208173899937945,9.905342312395744,412733.08279345714,3.2370563886358545,2.2820450423770156e-7,5.301477089101654,0.033259750026180306,0.007139655441754211
31.889134543588078,0.0,5.499994892777711e6,0.0,0.0,2.387942123707132e6,105.6896054302231,2248.818852618056,16442.612677851408,5652.262371052796,25664.18862763958,2091.6494667492148,10.272314413003988,0.0,3.956210423911805e8,0.0,0.0,1.1217397421749618e6,105.95464795344039,33521.45947814131,281.85923626060026,59590.008634126905,150039.4120578471,113368.3294809811,19806.535473319505,28775.015881256208,116356.57283260247,14.048715139338064,12.1985919357427,9.891399653409517,412717.79520390474,3.110212990193755,1.7910647219753918e-7,5.285603841740031,0.03195770502508639,0.0068939608115565956
31.889134543588078,0.0,5.499994892777711e6,0.0,0.0,2.387942123707132e6,105.6896054302231,2248.818852618056,16442.612677851408,5652.262371052796,25664.18862763958,2091.6494667492148,10.272314413003988,0.0,3.956210423911805e8,0.0,0.0,1.1217397421749618e6,105.95464795344039,33521.45947814131,281.85923626060026,59590.008634126905,150039.4120578471,113368.3294809811,19806.535473319505,28775.015881256208,116356.57283260247,14.048715139338064,12.1985919357427,9.891399653409517,412717.79520390474,3.110212990193755,1.7910647219753918e-7,5.285603841740031,0.03195770502508639,0.0068939608115565956
31.94987551280652,0.0,5.499995135018574e6,0.0,0.0,2.388823484891865e6,102.52801344396163,2255.4893440038572,16392.782701603624,5650.435738089847,25667.74432357186,2066.490203142333,10.260513106956182,0.0,3.95667920909764e8,0.0,0.0,1.1223552772523346e6,102.78512750236905,33566.1806565391,282.0402178730337,59425.37147263473,149586.62841759156,113029.6132455452,19820.31796958977,28404.10228013939,115339.33917376789,14.056792052281116,12.188596513160745,9.877100051645089,412702.47690489335,2.9879937326294073,1.404731783153497e-7,5.269727087907284,0.030703054055391504,0.006656201844846123
31.94987551280652,0.0,5.499995135018574e6,0.0,0.0,2.388823484891865e6,102.52801344396163,2255.4893440038572,16392.782701603624,5650.435738089847,25667.74432357186,2066.490203142333,10.260513106956182,0.0,3.95667920909764e8,0.0,0.0,1.1223552772523346e6,102.78512750236905,33566.1806565391,282.0402178730337,59425.37147263473,149586.62841759156,113029.6132455452,19820.31796958977,28404.10228013939,115339.33917376789,14.056792052281116,12.188596513160745,9.877100051645089,412702.47690489335,2.9879937326294073,1.404731783153497e-7,5.269727087907284,0.030703054055391504,0.006656201844846123
32.0,0.0,5.499995326242706e6,0.0,0.0,2.389545576251992e6,99.99036381888936,2260.991710358825,16351.775332813137,5648.89758377033,25670.677426024136,2045.9551187508614,10.250753633561116,0.0,3.9570659514485556e8,0.0,0.0,1.1228595796529e6,100.2411141004908,33602.84621512644,282.2015432744048,59289.865391738545,149213.96273758975,112750.72810992517,19831.50624803139,28102.437072350873,114504.7653108692,14.063164383462345,12.180060502992502,9.865064208726507,412689.8463659561,2.890761632922246,1.1495245638091485e-7,5.256657426317584,0.029704858740686037,0.006466301375380064
32.01078548421461,0.0,5.499995366396215e6,0.0,0.0,2.389700337308088e6,99.4525929067902,2262.1754114652313,16342.964969176117,5648.56298932247,25671.30842064733,2041.56310008583,10.248651221143886,0.0,3.9571491556591654e8,0.0,0.0,1.1229676634445267e6,99.70199459636241,33610.70778836117,282.23764032456353,59260.74998589916,149133.8904511336,112690.79396329292,19833.891850233093,28038.043222610308,114325.76324621068,14.064501116238903,12.17819004796595,9.862446824890101,412687.1298407886,2.8702570454209173,1.1009863911941517e-7,5.253848975457393,0.029494350466296764,0.006426166852726734
32.01078548421461,0.0,5.499995366396215e6,0.0,0.0,2.389700337308088e6,99.4525929067902,2262.1754114652313,16342.964969176117,5648.56298932247,25671.30842064733,2041.56310008583,10.248651221143886,0.0,3.9571491556591654e8,0.0,0.0,1.1229676634445267e6,99.70199459636241,33610.70778836117,282.23764032456353,59260.74998589916,149133.8904511336,112690.79396329292,19833.891850233093,28038.043222610308,114325.76324621068,14.064501116238903,12.17819004796595,9.862446824890101,412687.1298407886,2.8702570454209173,1.1009863911941517e-7,5.253848975457393,0.029494350466296764,0.006426166852726734
32.07186281473001,0.0,5.499995587360413e6,0.0,0.0,2.3905726547658024e6,96.46135021100459,2268.8768440731774,16293.161637521333,5646.644101879676,25674.88080379419,2016.8677445215144,10.236729439332402,0.0,3.957620249777355e8,0.0,0.0,1.1235768824606682e6,96.70325062825754,33655.04328418429,282.4510959947304,59096.15199575398,148681.21968063433,112351.89237763792,19847.25603861544,27676.799711416934,113315.94934789572,14.071842226223945,12.167374294940366,9.84744226111174,412671.75471450924,2.7568550364603013,8.623424401921235e-8,5.237970358542505,0.028330082303319484,0.006203629455940848
32.07186281473001,0.0,5.499995587360413e6,0.0,0.0,2.3905726547658024e6,96.46135021100459,2268.8768440731774,16293.161637521333,5646.644101879676,25674.88080379419,2016.8677445215144,10.236729439332402,0.0,3.957620249777355e8,0.0,0.0,1.1235768824606682e6,96.70325062825754,33655.04328418429,282.4510959947304,59096.15199575398,148681.21968063433,112351.89237763792,19847.25603861544,27676.799711416934,113315.94934789572,14.071842226223945,12.167374294940366,9.84744226111174,412671.75471450924,2.7568550364603013,8.623424401921235e-8,5.237970358542505,0.028330082303319484,0.006203629455940848
32.13311188934499,0.0,5.499995798364743e6,0.0,0.0,2.3914404972075345e6,93.55204148359135,2275.5940922105524,16243.369951255065,5644.678864117969,25678.461710537853,1992.401286629537,10.224747269313102,0.0,3.958092524119778e8,0.0,0.0,1.124182976164104e6,93.78664609798089,33699.19393254398,282.6802135854362,58931.56906580111,148228.59293023974,112012.8956358208,19860.41077930598,27320.297393431738,112309.90077170373,14.078816032618224,12.15614998132259,9.832087203709326,412656.350707494,2.647633338727583,6.749618398506303e-8,5.222090520606769,0.027208670724905192,0.005988347904707904
32.13311188934499,0.0,5.499995798364743e6,0.0,0.0,2.3914404972075345e6,93.55204148359135,2275.5940922105524,16243.369951255065,5644.678864117969,25678.461710537853,1992.401286629537,10.224747269313102,0.0,3.958092524119778e8,0.0,0.0,1.124182976164104e6,93.78664609798089,33699.19393254398,282.6802135854362,58931.56906580111,148228.59293023974,112012.8956358208,19860.41077930598,27320.297393431738,112309.90077170373,14.078816032618224,12.15614998132259,9.832087203709326,412656.350707494,2.647633338727583,6.749618398506303e-8,5.222090520606769,0.027208670724905192,0.005988347904707904
32.19454703486901,0.0,5.499995999874722e6,0.0,0.0,2.3923040621077856e6,90.72203778640588,2282.328695007094,16193.579150185633,5642.666726056815,25682.051958914486,1968.1570505649472,10.212702261710346,0.0,3.958566087933227e8,0.0,0.0,1.1247860824693283e6,90.94954547468274,33743.17353931774,282.92468083888434,58766.966266844815,147775.91417991644,111673.73613858891,19873.358333778473,26968.407132983317,111307.45942740803,14.085424159648904,12.144515868707478,9.816379890492502,412640.9145040775,2.5424265641337116,5.279045936971243e-8,5.206206185397985,0.026128423313414754,0.005780055660262054
32.19454703486901,0.0,5.499995999874722e6,0.0,0.0,2.3923040621077856e6,90.72203778640588,2282.328695007094,16193.579150185633,5642.666726056815,25682.051958914486,1968.1570505649472,10.212702261710346,0.0,3.958566087933227e8,0.0,0.0,1.1247860824693283e6,90.94954547468274,33743.17353931774,282.92468083888434,58766.966266844815,147775.91417991644,111673.73613858891,19873.358333778473,26968.407132983317,111307.45942740803,14.085424159648904,12.144515868707478,9.816379890492502,412640.9145040775,2.5424265641337116,5.279045936971243e-8,5.206206185397985,0.026128423313414754,0.005780055660262054
32.25619006479638,0.0,5.499996192353598e6,0.0,0.0,2.393163644844204e6,87.96849923326215,2289.083008890859,16143.772573088905,5640.606849399793,25685.652802821467,1944.1257208636353,10.200590472416526,0.0,3.9590411080091375e8,0.0,0.0,1.1253864076655535e6,88.18910175046821,33787.00094839346,283.18424444817396,58602.289116698645,147323.03365174597,111334.30575862176,19886.102278959355,26620.963211093607,110308.3509652784,14.091668655267991,12.13246894249881,9.8003163584298,412625.4409197861,2.441065356283746,4.125442422299598e-8,5.19031218493531,0.025087606477808916,0.005578474837127917
32.25619006479638,0.0,5.499996192353598e6,0.0,0.0,2.393163644844204e6,87.96849923326215,2289.083008890859,16143.772573088905,5640.606849399793,25685.652802821467,1944.1257208636353,10.200590472416526,0.0,3.9590411080091375e8,0.0,0.0,1.1253864076655535e6,88.18910175046821,33787.00094839346,283.18424444817396,58602.289116698645,147323.03365174597,111334.30575862176,19886.102278959355,26620.963211093607,110308.3509652784,14.091668655267991,12.13246894249881,9.8003163584298,412625.4409197861,2.441065356283746,4.125442422299598e-8,5.19031218493531,0.025087606477808916,0.005578474837127917
32.3180724745552,0.0,5.499996376264759e6,0.0,0.0,2.3940196648537237e6,85.28832559678061,2295.860446041014,16093.925985005879,5638.498007593248,25689.266059188314,1920.294673282035,10.188406015661169,0.0,3.9595178255021447e8,0.0,0.0,1.1259842446839288e6,85.50220692337967,33830.70141772929,283.4587269010209,58437.45803797971,146869.73256915007,110994.44435613234,19898.647799445633,26277.754440192442,109312.15376147331,14.097551965383065,12.120003747172097,9.78388968245517,412609.9223608561,2.3433749462557083,3.2208446180111103e-8,5.174400923296062,0.02408443062308816,0.005383312991780376
32.3180724745552,0.0,5.499996376264759e6,0.0,0.0,2.3940196648537237e6,85.28832559678061,2295.860446041014,16093.925985005879,5638.498007593248,25689.266059188314,1920.294673282035,10.188406015661169,0.0,3.9595178255021447e8,0.0,0.0,1.1259842446839288e6,85.50220692337967,33830.70141772929,283.4587269010209,58437.45803797971,146869.73256915007,110994.44435613234,19898.647799445633,26277.754440192442,109312.15376147331,14.097551965383065,12.120003747172097,9.78388968245517,412609.9223608561,2.3433749462557083,3.2208446180111103e-8,5.174400923296062,0.02408443062308816,0.005383312991780376
32.38023729248205,0.0,5.4999965520719895e6,0.0,0.0,2.3948726856697258e6,82.67813463450922,2302.6656744612246,16044.006213659593,5636.338489448171,25692.894214698583,1896.6474934759824,10.176140680616903,0.0,3.959996570065105e8,0.0,0.0,1.1265799870913252e6,82.88547026916531,33874.30770165229,283.74804391588566,58272.363834925694,146415.71071933582,110653.93038110387,19911.001859908127,25938.518184586756,108318.27491646614,14.103076800540261,12.107111721810087,9.767089251259453,412594.34837359225,2.2491748040022324,2.51176164405585e-8,5.158461938471423,0.023117046567356712,0.0051942620218644675
32.38023729248205,0.0,5.4999965520719895e6,0.0,0.0,2.3948726856697258e6,82.67813463450922,2302.6656744612246,16044.006213659593,5636.338489448171,25692.894214698583,1896.6474934759824,10.176140680616903,0.0,3.959996570065105e8,0.0,0.0,1.1265799870913252e6,82.88547026916531,33874.30770165229,283.74804391588566,58272.363834925694,146415.71071933582,110653.93038110387,19911.001859908127,25938.518184586756,108318.27491646614,14.103076800540261,12.107111721810087,9.767089251259453,412594.34837359225,2.2491748040022324,2.51176164405585e-8,5.158461938471423,0.023117046567356712,0.0051942620218644675
32.44273758846231,0.0,5.499996720230199e6,0.0,0.0,2.395723388467195e6,80.13438399317731,2309.5044518037175,15993.972485861292,5634.126114997132,25696.540337251095,1873.1647908222865,10.163784206096926,0.0,3.960477748227653e8,0.0,0.0,1.1271741106144984e6,80.33534055123765,33917.858771039995,284.05220687344365,58106.872098903325,145960.5985709255,110312.48989028852,19923.172689108123,25602.953005819334,107325.98047088602,14.108245671722445,12.0937811999395,9.749900924897938,412578.70603309583,2.1582834351956084,1.9561596193395357e-8,5.142482326228084,0.022183594803165355,0.005011007425389404
32.44273758846231,0.0,5.499996720230199e6,0.0,0.0,2.395723388467195e6,80.13438399317731,2309.5044518037175,15993.972485861292,5634.126114997132,25696.540337251095,1873.1647908222865,10.163784206096926,0.0,3.960477748227653e8,0.0,0.0,1.1271741106144984e6,80.33534055123765,33917.858771039995,284.05220687344365,58106.872098903325,145960.5985709255,110312.48989028852,19923.172689108123,25602.953005819334,107325.98047088602,14.108245671722445,12.0937811999395,9.749900924897938,412578.70603309583,2.1582834351956084,1.9561596193395357e-8,5.142482326228084,0.022183594803165355,0.005011007425389404
32.5,0.0,5.499996867086795e6,0.0,0.0,2.396496753319641e6,77.87257364174387,2315.767300583223,15948.26828846832,5632.063122322855,25699.87946967476,1851.9041271639624,10.152441814354747,0.0,3.9609184689165807e8,0.0,0.0,1.127714221981477e6,78.06785815741043,33957.50947197625,284.3422111813442,57955.68311579851,145544.8225066068,110000.46864455272,19934.1047758587,25300.272705357787,106422.96993440641,14.112644858950496,12.081247301981493,9.733895454349524,412564.3885383748,2.0782371456021673,1.5557123243052532e-8,5.127881868959796,0.021361482711595766,0.004848897136065302
32.50563822666818,0.0,5.499996881186233e6,0.0,0.0,2.396572590242709e6,77.65335118269678,2316.3838143003445,15943.77515827126,5631.858139225874,25700.208176737156,1849.8237700673467,10.151323916616281,0.0,3.960961856757667e8,0.0,0.0,1.1277671858368374e6,77.84808594445467,33961.4008237862,284.3713394422254,57940.8189981442,145503.9456978739,109969.7878046859,19935.16991131819,25270.713385205,106334.37379500958,14.1130607226012,12.079996748315114,9.732306327084972,412562.9795196353,2.0705179194322194,1.521019175613957e-8,5.12644633240235,0.02128220076364729,0.004833227132752034
32.50563822666818,0.0,5.499996881186233e6,0.0,0.0,2.396572590242709e6,77.65335118269678,2316.3838143003445,15943.77515827126,5631.858139225874,25700.208176737156,1849.8237700673467,10.151323916616281,0.0,3.960961856757667e8,0.0,0.0,1.1277671858368374e6,77.84808594445467,33961.4008237862,284.3713394422254,57940.8189981442,145503.9456978739,109969.7878046859,19935.16991131819,25270.713385205,106334.37379500958,14.1130607226012,12.079996748315114,9.732306327084972,412562.9795196353,2.0705179194322194,1.521019175613957e-8,5.12644633240235,0.02128220076364729,0.004833227132752034
32.56901662133384,0.0,5.499997035376594e6,0.0,0.0,2.3974212475322895e6,75.23116015295483,2323.312156109572,15893.355268571617,5629.531185636412,25703.902207397765,1826.5982119661776,10.138744553403217,0.0,3.961449488324561e8,0.0,0.0,1.128359880794879e6,75.41982067856031,34004.987573182705,284.70569041036276,57774.00977962263,145045.21666274534,109625.42475787192,19947.00444968394,24941.410379049717,105342.39086406316,14.117523431311598,12.06573867662985,9.714282380166926,412547.1499472271,1.9856951177969884,1.1804161452553322e-8,5.110335206984644,0.020410987233298553,0.0046605937005844795
32.56901662133384,0.0,5.499997035376594e6,0.0,0.0,2.3974212475322895e6,75.23116015295483,2323.312156109572,15893.355268571617,5629.531185636412,25703.902207397765,1826.5982119661776,10.138744553403217,0.0,3.961449488324561e8,0.0,0.0,1.128359880794879e6,75.41982067856031,34004.987573182705,284.70569041036276,57774.00977962263,145045.21666274534,109625.42475787192,19947.00444968394,24941.410379049717,105342.39086406316,14.117523431311598,12.06573867662985,9.714282380166926,412547.1499472271,1.9856951177969884,1.1804161452553322e-8,5.110335206984644,0.020410987233298553,0.0046605937005844795
32.632967921944704,0.0,5.499997183235262e6,0.0,0.0,2.3982705181657947e6,72.86364797156347,2330.2997921781603,15842.640594396751,5627.141009409247,25707.627927988004,1803.4568804045064,10.126027223018026,0.0,3.96194137121038e8,0.0,0.0,1.128953004107047e6,73.04637138159596,34048.683541685,285.05567151543676,57606.20571487316,144583.75512164438,109278.91007920365,19958.689208497082,24614.59010964179,104348.72768728992,14.12163455530608,12.050981490324483,9.69579953443362,412531.1940896518,1.9036273158256771,9.13987703913533e-9,5.09412594190406,0.019568029603823044,0.004492765147048779
32.632967921944704,0.0,5.499997183235262e6,0.0,0.0,2.3982705181657947e6,72.86364797156347,2330.2997921781603,15842.640594396751,5627.141009409247,25707.627927988004,1803.4568804045064,10.126027223018026,0.0,3.96194137121038e8,0.0,0.0,1.128953004107047e6,73.04637138159596,34048.683541685,285.05567151543676,57606.20571487316,144583.75512164438,109278.91007920365,19958.689208497082,24614.59010964179,104348.72768728992,14.12163455530608,12.050981490324483,9.69579953443362,412531.1940896518,1.9036273158256771,9.13987703913533e-9,5.09412594190406,0.019568029603823044,0.004492765147048779
32.69759711734393,0.0,5.499997325170569e6,0.0,0.0,2.3991216479426073e6,70.54672532582671,2337.3580910414425,15791.55211987381,5624.682741142482,25711.391399458927,1780.3667156610245,10.11315094396606,0.0,3.962438308372711e8,0.0,0.0,1.1295474258289246e6,70.72363848591432,34092.558374458284,285.4218253710148,57437.14547999931,144118.84262445674,108929.70587504985,19970.237313632155,24289.779998397073,103351.97259013783,14.125393162117124,12.035695298381265,9.676823730035439,412515.08637428796,1.8241350158497094,7.0577771505343425e-9,5.077793334870429,0.01875148727865214,0.004329410827316505
32.69759711734393,0.0,5.499997325170569e6,0.0,0.0,2.3991216479426073e6,70.54672532582671,2337.3580910414425,15791.55211987381,5624.682741142482,25711.391399458927,1780.3667156610245,10.11315094396606,0.0,3.962438308372711e8,0.0,0.0,1.1295474258289246e6,70.72363848591432,34092.558374458284,285.4218253710148,57437.14547999931,144118.84262445674,108929.70587504985,19970.237313632155,24289.779998397073,103351.97259013783,14.125393162117124,12.035695298381265,9.676823730035439,412515.08637428796,1.8241350158497094,7.0577771505343425e-9,5.077793334870429,0.01875148727865214,0.004329410827316505
32.763027332795126,0.0,5.499997461581011e6,0.0,0.0,2.399976072952505e6,68.276125575671,2344.5003771065626,15739.997650316427,5622.150528790863,25715.19972609292,1757.2901384763843,10.100090976759544,0.0,3.9629412410645026e8,0.0,0.0,1.130144148913271e6,68.44734465179882,34136.69225495308,285.8048801794676,57266.52401477985,143649.64048285095,108577.18332370545,19981.66333123837,23966.45160595854,102350.48647383753,14.128796737475007,12.019843524956999,9.65731371431645,412498.79683526355,1.7470383250763102,5.432553541771309e-9,5.061307946270901,0.017959515234481766,0.004170193738822913
32.763027332795126,0.0,5.499997461581011e6,0.0,0.0,2.399976072952505e6,68.276125575671,2344.5003771065626,15739.997650316427,5622.150528790863,25715.19972609292,1757.2901384763843,10.100090976759544,0.0,3.9629412410645026e8,0.0,0.0,1.130144148913271e6,68.44734465179882,34136.69225495308,285.8048801794676,57266.52401477985,143649.64048285095,108577.18332370545,19981.66333123837,23966.45160595854,102350.48647383753,14.128796737475007,12.019843524956999,9.65731371431645,412498.79683526355,1.7470383250763102,5.432553541771309e-9,5.061307946270901,0.017959515234481766,0.004170193738822913
32.82939750174481,0.0,5.499997592845591e6,0.0,0.0,2.4008353791640587e6,66.04755868474973,2351.7416710471584,15687.873893965041,5619.537566763265,25719.06091714485,1734.186261672167,10.086819263073053,0.0,3.9634512306871593e8,0.0,0.0,1.1307442809869067e6,66.21318908458791,34181.17401036256,286.2057483661418,57093.99939451891,143175.20867487628,108220.63680594154,19992.98248304254,23644.038833522,101342.45008105005,14.13184052341144,12.003382997867215,9.637221373622928,412482.29172253807,1.6721624299703832,4.165884479620377e-9,5.044636761794725,0.017190320267552097,0.0040147815832574495
32.82939750174481,0.0,5.499997592845591e6,0.0,0.0,2.4008353791640587e6,66.04755868474973,2351.7416710471584,15687.873893965041,5619.537566763265,25719.06091714485,1734.186261672167,10.086819263073053,0.0,3.9634512306871593e8,0.0,0.0,1.1307442809869067e6,66.21318908458791,34181.17401036256,286.2057483661418,57093.99939451891,143175.20867487628,108220.63680594154,19992.98248304254,23644.038833522,101342.45008105005,14.13184052341144,12.003382997867215,9.637221373622928,412482.29172253807,1.6721624299703832,4.165884479620377e-9,5.044636761794725,0.017190320267552097,0.0040147815832574495
32.89685621104746,0.0,5.499997719309292e6,0.0,0.0,2.4017012143399273e6,63.85696842852267,2359.0980134556207,15635.071509716387,5616.836286653663,25722.983526242802,1711.0133513058186,10.073305638064598,0.0,3.9639694112765545e8,0.0,0.0,1.1313489728331128e6,64.01710538776673,34226.09674132261,286.6254981519021,56919.20952551032,142694.55176365838,107859.31837298449,20004.209274638648,23321.973096051446,100325.9676352064,14.134516788214938,11.986265093991282,9.616493313008469,412465.53505901835,1.5993461810956773,3.180676073470792e-9,5.027744805085165,0.01644224921020583,0.0038628646422724797
32.89685621104746,0.0,5.499997719309292e6,0.0,0.0,2.4017012143399273e6,63.85696842852267,2359.0980134556207,15635.071509716387,5616.836286653663,25722.983526242802,1711.0133513058186,10.073305638064598,0.0,3.9639694112765545e8,0.0,0.0,1.1313489728331128e6,64.01710538776673,34226.09674132261,286.6254981519021,56919.20952551032,142694.55176365838,107859.31837298449,20004.209274638648,23321.973096051446,100325.9676352064,14.134516788214938,11.986265093991282,9.616493313008469,412465.53505901835,1.5993461810956773,3.180676073470792e-9,5.027744805085165,0.01644224921020583,0.0038628646422724797
32.96556858268868,0.0,5.499997841295136e6,0.0,0.0,2.4025753688375414e6,61.70034535303043,2366.587210733051,15581.469918347802,5614.03803511237,25726.977049144934,1687.7267404079855,10.059516437978555,0.0,3.964497042157765e8,0.0,0.0,1.1319594748221333e6,61.85507405268993,34271.56220773427,287.06540302534063,56741.754960273676,142206.57164831233,107492.40220777974,20015.35834796142,22999.654898784895,99298.97258269283,14.136814703911496,11.968433668043884,9.595068506298063,412448.48695649323,1.5284356228980363,2.416316539151103e-9,5.0105934767821685,0.015713722492886665,0.0037141425333569664
32.96556858268868,0.0,5.499997841295136e6,0.0,0.0,2.4025753688375414e6,61.70034535303043,2366.587210733051,15581.469918347802,5614.03803511237,25726.977049144934,1687.7267404079855,10.059516437978555,0.0,3.964497042157765e8,0.0,0.0,1.1319594748221333e6,61.85507405268993,34271.56220773427,287.06540302534063,56741.754960273676,142206.57164831233,107492.40220777974,20015.35834796142,22999.654898784895,99298.97258269283,14.136814703911496,11.968433668043884,9.595068506298063,412448.48695649323,1.5284356228980363,2.416316539151103e-9,5.0105934767821685,0.015713722492886665,0.0037141425333569664
33.0,0.0,5.499997899945476e6,0.0,0.0,2.40301047518191e6,60.647221331975985,2370.338543886681,15554.679355974695,5612.618204149922,25728.9774280783,1676.176902217281,10.052597682874511,0.0,3.964761367120026e8,0.0,0.0,1.1322633493539207e6,60.799309065698814,34294.23603384627,287.29040327240017,56653.05449622195,141962.6570841902,107308.96697907856,20020.83696559887,22840.28511862916,98787.52881397908,14.137805147382261,11.959350298760597,9.58421624349645,412439.9518561711,1.4940940076732268,2.105427680445652e-9,5.002019731444268,0.015360888650008467,0.003641826936897842
33.03571251164324,0.0,5.4999979590950785e6,0.0,0.0,2.40345971768189e6,59.573900298987105,2374.228419059841,15526.940498825592,5611.133164996471,25731.05170194165,1664.280479802559,10.04541523521263,0.0,3.965035478784017e8,0.0,0.0,1.132577096455307e6,59.72329641782835,34317.678062409555,287.52692772255483,56561.209465733,141710.0966350346,107119.00644153633,20026.443481591763,22676.47759314434,98259.29620102071,14.138719689673103,11.949825587010148,9.57287914568085,412431.1045819673,1.459289612492917,1.8251616775206142e-9,4.993141575375141,0.015003291895763547,0.003568336082795604
33.03571251164324,0.0,5.4999979590950785e6,0.0,0.0,2.40345971768189e6,59.573900298987105,2374.228419059841,15526.940498825592,5611.133164996471,25731.05170194165,1664.280479802559,10.04541523521263,0.0,3.965035478784017e8,0.0,0.0,1.132577096455307e6,59.72329641782835,34317.678062409555,287.52692772255483,56561.209465733,141710.0966350346,107119.00644153633,20026.443481591763,22676.47759314434,98259.29620102071,14.138719689673103,11.949825587010148,9.57287914568085,412431.1045819673,1.459289612492917,1.8251616775206142e-9,4.993141575375141,0.015003291895763547,0.003568336082795604
33.10748183443728,0.0,5.49999807297408e6,0.0,0.0,2.404356250834804e6,57.47401325847269,2382.0424835733183,15471.344382876037,5608.110844143143,25735.218601954763,1640.6266322233816,10.030962185007292,0.0,3.9655861967874646e8,0.0,0.0,1.1332032275048762e6,57.61814339720715,34364.559690947346,288.01175772115465,56377.1127100292,141203.86133739754,106738.1780106021,20037.477712840926,22351.8183540576,97204.63285215013,14.140212994220606,11.930369482858437,9.549849348692007,412413.3414057058,1.391777904027999,1.369699376236074e-9,4.975344590084579,0.014309620898187212,0.003425183546237347
33.10748183443728,0.0,5.49999807297408e6,0.0,0.0,2.404356250834804e6,57.47401325847269,2382.0424835733183,15471.344382876037,5608.110844143143,25735.218601954763,1640.6266322233816,10.030962185007292,0.0,3.9655861967874646e8,0.0,0.0,1.1332032275048762e6,57.61814339720715,34364.559690947346,288.01175772115465,56377.1127100292,141203.86133739754,106738.1780106021,20037.477712840926,22351.8183540576,97204.63285215013,14.140212994220606,11.930369482858437,9.549849348692007,412413.3414057058,1.391777904027999,1.369699376236074e-9,4.975344590084579,0.014309620898187212,0.003425183546237347
33.18108793666217,0.0,5.4999981831704825e6,0.0,0.0,2.4052670813756264e6,55.39724433124216,2390.0521060423407,15414.531526130606,5604.958913965156,25739.489857196055,1616.7151779931833,10.01611368132854,0.0,3.9661508039810276e8,0.0,0.0,1.133839343727295e6,55.536166464190515,34412.33095833963,288.5218212989883,56188.96717211225,140686.49819125026,106348.88623412492,20048.473119923205,22025.03782177482,96132.53128287685,14.141271110496376,11.909984816120312,9.525894283957319,412395.1468439491,1.3257813317867622,1.0203715987567568e-9,4.957154401700902,0.013631486587124151,0.003284441173133159
33.18108793666217,0.0,5.4999981831704825e6,0.0,0.0,2.4052670813756264e6,55.39724433124216,2390.0521060423407,15414.531526130606,5604.958913965156,25739.489857196055,1616.7151779931833,10.01611368132854,0.0,3.9661508039810276e8,0.0,0.0,1.133839343727295e6,55.536166464190515,34412.33095833963,288.5218212989883,56188.96717211225,140686.49819125026,106348.88623412492,20048.473119923205,22025.03782177482,96132.53128287685,14.141271110496376,11.909984816120312,9.525894283957319,412395.1468439491,1.3257813317867622,1.0203715987567568e-9,4.957154401700902,0.013631486587124151,0.003284441173133159
33.256756025259136,0.0,5.4999982898886455e6,0.0,0.0,2.4061943866702747e6,53.34049543224467,2398.2814311893458,15356.343928182778,5601.663970162872,25743.878345809426,1592.4956846650005,10.000823089303715,0.0,3.9667310114004344e8,0.0,0.0,1.1344869657762088e6,53.47425976452194,34461.121482288385,289.05927511923903,55996.24879093348,140156.56675269848,105950.04482557066,20059.43976543583,21695.503816450237,95040.46505240802,14.141865067699564,11.888582389103473,9.500921018564998,412376.4672248595,1.2611966992513088,7.538925099153783e-10,4.938520311936369,0.012967829923457729,0.0031458938960183857
33.256756025259136,0.0,5.4999982898886455e6,0.0,0.0,2.4061943866702747e6,53.34049543224467,2398.2814311893458,15356.343928182778,5601.663970162872,25743.878345809426,1592.4956846650005,10.000823089303715,0.0,3.9667310114004344e8,0.0,0.0,1.1344869657762088e6,53.47425976452194,34461.121482288385,289.05927511923903,55996.24879093348,140156.56675269848,105950.04482557066,20059.43976543583,21695.503816450237,95040.46505240802,14.141865067699564,11.888582389103473,9.500921018564998,412376.4672248595,1.2611966992513088,7.538925099153783e-10,4.938520311936369,0.012967829923457729,0.0031458938960183857
33.334739794970496,0.0,5.4999983933175355e6,0.0,0.0,2.407140573393143e6,51.30067561887697,2406.7576323346184,15296.604754101169,5598.2106325758705,25748.39856170223,1567.9131410194877,9.985037759974666,0.0,3.9673287453375596e8,0.0,0.0,1.1351477744523322e6,51.42932460430397,34511.07574092529,289.6266216279698,55798.37091884266,139612.45459584845,105540.43726702187,20070.387241588935,21362.535675286377,93925.6396053916,14.141959792366267,11.86605960489833,9.474823263176834,412357.2422199998,1.1979260183967186,5.518712184814499e-10,4.919385557820546,0.012317645196737139,0.0030093325146285286
33.334739794970496,0.0,5.4999983933175355e6,0.0,0.0,2.407140573393143e6,51.30067561887697,2406.7576323346184,15296.604754101169,5598.2106325758705,25748.39856170223,1567.9131410194877,9.985037759974666,0.0,3.9673287453375596e8,0.0,0.0,1.1351477744523322e6,51.42932460430397,34511.07574092529,289.6266216279698,55798.37091884266,139612.45459584845,105540.43726702187,20070.387241588935,21362.535675286377,93925.6396053916,14.141959792366267,11.86605960489833,9.474823263176834,412357.2422199998,1.1979260183967186,5.518712184814499e-10,4.919385557820546,0.012317645196737139,0.0030093325146285286
33.41531563428239,0.0,5.499998493617923e6,0.0,0.0,2.4081081861528647e6,49.274958084430466,2415.510268472552,15235.123337031448,5594.581671206824,25753.066271769527,1542.910551840266,9.968700168383263,0.0,3.967946102332732e8,0.0,0.0,1.1358235468884679e6,49.39852708791913,34562.34882701269,290.226687805669,55594.70086396955,139052.4228239647,105118.75098790406,20081.323031690805,21025.44119107937,92785.10143382949,14.141513013584538,11.842301268710443,9.447482690943536,412337.4063449682,1.1358845533706172,3.998187670093454e-10,4.899688910390489,0.01168006270038257,0.0028745709794434585
33.41531563428239,0.0,5.499998493617923e6,0.0,0.0,2.4081081861528647e6,49.274958084430466,2415.510268472552,15235.123337031448,5594.581671206824,25753.066271769527,1542.910551840266,9.968700168383263,0.0,3.967946102332732e8,0.0,0.0,1.1358235468884679e6,49.39852708791913,34562.34882701269,290.226687805669,55594.70086396955,139052.4228239647,105118.75098790406,20081.323031690805,21025.44119107937,92785.10143382949,14.141513013584538,11.842301268710443,9.447482690943536,412337.4063449682,1.1358845533706172,3.998187670093454e-10,4.899688910390489,0.01168006270038257,0.0028745709794434585
33.498796531382986,0.0,5.499998590935396e6,0.0,0.0,2.4091000517363953e6,47.260533194279205,2424.5727802110823,15171.68518709963,5590.757238526,25757.89931374588,1517.4254395060152,9.951745061103548,0.0,3.9685854550580204e8,0.0,0.0,1.1365162572883333e6,47.37905053489578,34615.114753616595,290.8627501062177,55384.526764701084,138474.51501179428,104683.5087299859,20092.2534998705,20683.471163295377,91615.57008010341,14.140474024548359,11.817174578004233,9.418763584548927,412316.8856165599,1.0749931586300536,2.86313617167559e-10,4.8793614705686625,0.011054270016504848,0.0027414298565370796
33.498796531382986,0.0,5.499998590935396e6,0.0,0.0,2.4091000517363953e6,47.260533194279205,2424.5727802110823,15171.68518709963,5590.757238526,25757.89931374588,1517.4254395060152,9.951745061103548,0.0,3.9685854550580204e8,0.0,0.0,1.1365162572883333e6,47.37905053489578,34615.114753616595,290.8627501062177,55384.526764701084,138474.51501179428,104683.5087299859,20092.2534998705,20683.471163295377,91615.57008010341,14.140474024548359,11.817174578004233,9.418763584548927,412316.8856165599,1.0749931586300536,2.86313617167559e-10,4.8793614705686625,0.011054270016504848,0.0027414298565370796
33.5,0.0,5.499998592291355e6,0.0,0.0,2.409114272004532e6,47.23210346444762,2424.7033838832726,15170.772585506105,5590.701627126678,25757.968965308995,1517.0611273177497,9.951500428102012,0.0,3.9685946700770175e8,0.0,0.0,1.1365261886013972e6,47.350549510566516,34615.872836948656,290.87202407997813,55381.50310550126,138466.20103172248,104677.24649718641,20092.40811613548,20678.594636727405,91598.80007696753,14.140454798574375,11.81680859232631,9.418346692413946,412316.59001392795,1.0741396420947027,2.8493865146737543e-10,4.879069018097826,0.011045498052596903,0.002739557146583427
33.585538008468745,0.0,5.49999868539939e6,0.0,0.0,2.410119317566636e6,45.2546223042674,2433.9831137015285,15106.048346873435,5586.714398853689,25762.91792907387,1491.389193446066,9.934098201069336,0.0,3.969249496845992e8,0.0,0.0,1.1372281037850347e6,45.368109332948634,34669.569408296884,291.5386115075569,55167.04547220496,137876.52392426482,104233.04335712023,20103.183409093188,20335.813424135507,90413.39516596163,14.138781965309594,11.790526033421386,9.388509876361168,412295.59620531264,1.0151789705525116,2.0237488934449934e-10,4.858325495784546,0.010439519134429833,0.002609737537166139
33.585538008468745,0.0,5.49999868539939e6,0.0,0.0,2.410119317566636e6,45.2546223042674,2433.9831137015285,15106.048346873435,5586.714398853689,25762.91792907387,1491.389193446066,9.934098201069336,0.0,3.969249496845992e8,0.0,0.0,1.1372281037850347e6,45.368109332948634,34669.569408296884,291.5386115075569,55167.04547220496,137876.52392426482,104233.04335712023,20103.183409093188,20335.813424135507,90413.39516596163,14.138781965309594,11.790526033421386,9.388509876361168,412295.59620531264,1.0151789705525116,2.0237488934449934e-10,4.858325495784546,0.010439519134429833,0.002609737537166139
33.67592049785795,0.0,5.499998777097772e6,0.0,0.0,2.4111692106884094e6,43.2550318777594,2443.7817864555777,15037.957662196648,5582.427738569498,25768.1437314997,1464.7335659815021,9.91567990856756,0.0,3.9699411057664263e8,0.0,0.0,1.1379613401189449e6,43.363504444612666,34725.918705257944,292.2584958287707,54941.40979419496,137256.12146185816,103765.59564059397,20114.11235543876,19981.682094657204,89174.84388303723,14.13636445106373,11.762185532485109,9.356550387250493,412273.44888332277,0.9563918926495402,1.40976316425518e-10,4.836498968912957,0.009835295903632503,0.002479366575919422
33.67592049785795,0.0,5.499998777097772e6,0.0,0.0,2.4111692106884094e6,43.2550318777594,2443.7817864555777,15037.957662196648,5582.427738569498,25768.1437314997,1464.7335659815021,9.91567990856756,0.0,3.9699411057664263e8,0.0,0.0,1.1379613401189449e6,43.363504444612666,34725.918705257944,292.2584958287707,54941.40979419496,137256.12146185816,103765.59564059397,20114.11235543876,19981.682094657204,89174.84388303723,14.13636445106373,11.762185532485109,9.356550387250493,412273.44888332277,0.9563918926495402,1.40976316425518e-10,4.836498968912957,0.009835295903632503,0.002479366575919422
33.77030777602835,0.0,5.499998866038689e6,0.0,0.0,2.4122525352472444e6,41.26109026355214,2454.0073656510417,14967.176703660836,5577.871212076487,25773.597295566728,1437.4035530936576,9.896413533900159,0.0,3.9706630258751774e8,0.0,0.0,1.1387179246812032e6,41.36456253435523,34784.35241804551,293.02672767604827,54706.8342663873,136611.14952213908,103279.53346130252,20125.028919476445,19620.488580458594,87896.69818541371,14.133137766997736,11.73197883063993,9.322713210378621,412250.359295767,0.8986306952395193,9.664483799570551e-11,4.813805832199783,0.009241588361178096,0.0023502932101104354
33.77030777602835,0.0,5.499998866038689e6,0.0,0.0,2.4122525352472444e6,41.26109026355214,2454.0073656510417,14967.176703660836,5577.871212076487,25773.597295566728,1437.4035530936576,9.896413533900159,0.0,3.9706630258751774e8,0.0,0.0,1.1387179246812032e6,41.36456253435523,34784.35241804551,293.02672767604827,54706.8342663873,136611.14952213908,103279.53346130252,20125.028919476445,19620.488580458594,87896.69818541371,14.133137766997736,11.73197883063993,9.322713210378621,412250.359295767,0.8986306952395193,9.664483799570551e-11,4.813805832199783,0.009241588361178096,0.0023502932101104354
33.8688115022752,0.0,5.499998951968014e6,0.0,0.0,2.413369020217132e6,39.27813757941848,2464.670982189668,14893.66320911451,5573.02981007922,25779.284563849244,1409.4234818791954,9.876273696044507,0.0,3.971416067369664e8,0.0,0.0,1.1394976681895738e6,39.376637111599976,34844.900364803245,293.8457401534312,54463.17671138949,135941.21898688542,102774.55742332072,20135.885259714567,19252.704537889495,86579.38914453599,14.129017766236942,11.699805613314657,9.286912303681726,412226.3054397185,0.8420670944499604,6.517186712402643e-11,4.790232259899413,0.008660162308351878,0.0022228815331696234
33.8688115022752,0.0,5.499998951968014e6,0.0,0.0,2.413369020217132e6,39.27813757941848,2464.670982189668,14893.66320911451,5573.02981007922,25779.284563849244,1409.4234818791954,9.876273696044507,0.0,3.971416067369664e8,0.0,0.0,1.1394976681895738e6,39.376637111599976,34844.900364803245,293.8457401534312,54463.17671138949,135941.21898688542,102774.55742332072,20135.885259714567,19252.704537889495,86579.38914453599,14.129017766236942,11.699805613314657,9.286912303681726,412226.3054397185,0.8420670944499604,6.517186712402643e-11,4.790232259899413,0.008660162308351878,0.0022228815331696234
33.97086799061294,0.0,5.4999990341348825e6,0.0,0.0,2.41451079229303e6,37.32412215626298,2475.7106627430985,14817.878221005001,5567.922009809105,25785.172488958236,1381.0067663809143,9.855373481611505,0.0,3.9721958779323924e8,0.0,0.0,1.1402950719954756e6,37.417721517078995,34907.18075158504,294.71222203768605,54211.96337352214,135250.52807004674,102253.82732204864,20146.56070286284,18881.264113874164,85232.3407375797,14.12395209975506,11.665790402793034,9.249310911281647,412201.4302098391,0.7872157974099352,4.3328123889990733e-11,4.765925875590088,0.008096309795529985,0.0020982877564081873
33.97086799061294,0.0,5.4999990341348825e6,0.0,0.0,2.41451079229303e6,37.32412215626298,2475.7106627430985,14817.878221005001,5567.922009809105,25785.172488958236,1381.0067663809143,9.855373481611505,0.0,3.9721958779323924e8,0.0,0.0,1.1402950719954756e6,37.417721517078995,34907.18075158504,294.71222203768605,54211.96337352214,135250.52807004674,102253.82732204864,20146.56070286284,18881.264113874164,85232.3407375797,14.12395209975506,11.665790402793034,9.249310911281647,412201.4302098391,0.7872157974099352,4.3328123889990733e-11,4.765925875590088,0.008096309795529985,0.0020982877564081873
34.0,0.0,5.499999056384676e6,0.0,0.0,2.414833941410078e6,36.7843991642213,2478.860341637495,14796.316083126603,5566.447000548083,25786.85236085596,1373.000513022105,9.849401428464207,0.0,3.972418401745713e8,0.0,0.0,1.1405207565618157e6,36.87664503769041,34924.87671935354,294.96281286051635,54140.48394752509,135054.0038066319,102105.64378878466,20149.501886674945,18776.993456125874,84851.13084163674,14.122359255851768,11.655956050310651,9.23848488446358,412194.3382237913,0.7722244817219535,3.856225310143817e-11,4.7590095033135045,0.007942199385183459,0.00206404559481302
34.07569030057212,0.0,5.499999111827175e6,0.0,0.0,2.4156678437854787e6,35.41830118749461,2487.0404690999426,14740.439925538178,5562.5796645058,25791.215239301928,1352.4144327369713,9.83387276745398,0.0,3.9729964079167634e8,0.0,0.0,1.1411031468145915e6,35.50712123632147,34970.68815820094,295.62048078269953,53955.242173651735,134544.70903555155,101721.58749787098,20156.92474247491,18509.658704477893,83867.51212255983,14.117919564035908,11.630150411855551,9.210168788778148,412175.9299270718,0.7345952658312288,2.8488847554130522e-11,4.741084842455111,0.007555362499663034,0.0019777158936239744
34.07569030057212,0.0,5.499999111827175e6,0.0,0.0,2.4156678437854787e6,35.41830118749461,2487.0404690999426,14740.439925538178,5562.5796645058,25791.215239301928,1352.4144327369713,9.83387276745398,0.0,3.9729964079167634e8,0.0,0.0,1.1411031468145915e6,35.50712123632147,34970.68815820094,295.62048078269953,53955.242173651735,134544.70903555155,101721.58749787098,20156.92474247491,18509.658704477893,83867.51212255983,14.117919564035908,11.630150411855551,9.210168788778148,412175.9299270718,0.7345952658312288,2.8488847554130522e-11,4.741084842455111,0.007555362499663034,0.0019777158936239744
34.182698423127185,0.0,5.499999184696979e6,0.0,0.0,2.4168328709606607e6,33.5730817660086,2498.5970536960795,14661.803379942237,5557.026639691471,25797.37902923401,1323.8345948859212,9.811890100546316,0.0,3.973813198326876e8,0.0,0.0,1.141916791781989e6,33.65727447604116,35035.05615101177,296.56609546661997,53694.52104854957,133827.90919005685,101180.96586307224,20166.88313959375,18140.363550038805,82493.67982987489,14.110909927221368,11.593052821871192,9.16968400632206,412149.9493610119,0.68450389015924,1.8568752717587192e-11,4.715855133822099,0.007040390593607395,0.0018619031462380872
34.182698423127185,0.0,5.499999184696979e6,0.0,0.0,2.4168328709606607e6,33.5730817660086,2498.5970536960795,14661.803379942237,5557.026639691471,25797.37902923401,1323.8345948859212,9.811890100546316,0.0,3.973813198326876e8,0.0,0.0,1.141916791781989e6,33.65727447604116,35035.05615101177,296.56609546661997,53694.52104854957,133827.90919005685,101180.96586307224,20166.88313959375,18140.363550038805,82493.67982987489,14.110909927221368,11.593052821871192,9.16968400632206,412149.9493610119,0.68450389015924,1.8568752717587192e-11,4.715855133822099,0.007040390593607395,0.0018619031462380872
34.291582357068485,0.0,5.499999252710469e6,0.0,0.0,2.418001801731549e6,31.794160504813412,2510.3463854438896,14582.218076220703,5551.274572153772,25803.645707453372,1295.3718404884185,9.789489326602515,0.0,3.9746438583070207e8,0.0,0.0,1.1427331629870816e6,31.873892134896316,35100.08998381607,297.54668410745444,53430.62692262335,133102.4032841392,100633.68015609703,20176.377798138154,17774.727765702013,81115.81048413982,14.102911214152668,11.55458534395049,9.12796330019967,412123.5668762902,0.6370390339772368,1.2012460317018773e-11,4.690316859892673,0.006552397985577456,0.0017511451535248946
34.291582357068485,0.0,5.499999252710469e6,0.0,0.0,2.418001801731549e6,31.794160504813412,2510.3463854438896,14582.218076220703,5551.274572153772,25803.645707453372,1295.3718404884185,9.789489326602515,0.0,3.9746438583070207e8,0.0,0.0,1.1427331629870816e6,31.873892134896316,35100.08998381607,297.54668410745444,53430.62692262335,133102.4032841392,100633.68015609703,20176.377798138154,17774.727765702013,81115.81048413982,14.102911214152668,11.55458534395049,9.12796330019967,412123.5668762902,0.6370390339772368,1.2012460317018773e-11,4.690316859892673,0.006552397985577456,0.0017511451535248946
34.40212060174423,0.0,5.499999315956093e6,0.0,0.0,2.4191716877828347e6,30.084603181149042,2522.264073975603,14501.864621404251,5545.331484679486,25810.002263653354,1267.1008054045055,9.766716557631607,0.0,3.975486676328545e8,0.0,0.0,1.1435502013517944e6,30.16004767831283,35165.65325658444,298.56046527946177,53164.15861737553,132369.83881112738,100080.97611250122,20185.364871990205,17413.687598982688,79737.54479388794,14.093914542629166,11.514813022172252,9.085086118990715,412096.8388956932,0.5922185209718409,7.719823430781898e-12,4.66452807651448,0.006091570927121811,0.0016455636530143332
34.40212060174423,0.0,5.499999315956093e6,0.0,0.0,2.4191716877828347e6,30.084603181149042,2522.264073975603,14501.864621404251,5545.331484679486,25810.002263653354,1267.1008054045055,9.766716557631607,0.0,3.975486676328545e8,0.0,0.0,1.1435502013517944e6,30.16004767831283,35165.65325658444,298.56046527946177,53164.15861737553,132369.83881112738,100080.97611250122,20185.364871990205,17413.687598982688,79737.54479388794,14.093914542629166,11.514813022172252,9.085086118990715,412096.8388956932,0.5922185209718409,7.719823430781898e-12,4.66452807651448,0.006091570927121811,0.0016455636530143332
34.5,0.0,5.499999367475732e6,0.0,0.0,2.4201936575112897e6,28.647718873908193,2532.8084022320427,14431.082256139318,5539.9829021040205,25815.626373666266,1242.5814736124119,9.746526822472033,0.0,3.976232586024445e8,0.0,0.0,1.1442639362277726e6,28.719560032401045,35223.3370817599,299.4730075378269,52929.408070055964,131724.48743757795,99593.9991460686,20192.779987283317,17102.290012010835,78534.2685229895,14.08522504277359,11.479007323338752,9.04669609059294,412073.21844417707,0.5551705074471198,5.218833445745146e-12,4.641807893723373,0.005710641523421063,0.0015574964531509677
34.51413662011724,0.0,5.499999374588839e6,0.0,0.0,2.4203401877793446e6,28.44594186574305,2534.3306450260957,14420.887772408172,5539.203785867421,25816.438308932564,1239.0794969749177,9.743608998509602,0.0,3.97634028682348e8,0.0,0.0,1.1443662717077632e6,28.517277019060145,35231.640259346976,299.60593124400475,52895.59628723292,131631.5369106189,99523.85400869096,20193.80911022199,17057.946341921048,78361.80492902953,14.083914651789398,11.473791250433047,9.041119493830042,412069.8105916445,0.5500147620250265,4.931915334668144e-12,4.6385353675546,0.005657628721049955,0.0015451800355039793
34.51413662011724,0.0,5.499999374588839e6,0.0,0.0,2.4203401877793446e6,28.44594186574305,2534.3306450260957,14420.887772408172,5539.203785867421,25816.438308932564,1239.0794969749177,9.743608998509602,0.0,3.97634028682348e8,0.0,0.0,1.1443662717077632e6,28.517277019060145,35231.640259346976,299.60593124400475,52895.59628723292,131631.5369106189,99523.85400869096,20193.80911022199,17057.946341921048,78361.80492902953,14.083914651789398,11.473791250433047,9.041119493830042,412069.8105916445,0.5500147620250265,4.931915334668144e-12,4.6385353675546,0.005657628721049955,0.0015451800355039793
34.627483437742775,0.0,5.499999428804326e6,0.0,0.0,2.4215053763271305e6,26.878644879161737,2546.5298652772562,14339.40830783586,5532.896928496365,25822.94518252893,1211.3543516235595,9.72019804043487,0.0,3.9772035520776147e8,0.0,0.0,1.1451800293764002e6,26.94604965213288,35297.96585447159,300.68174480205795,52625.3407274635,130888.6004524072,98963.14993927025,20201.681558645403,16708.04432983574,76991.01807233228,14.072909625063335,11.431569933708621,8.996122941634386,412042.5196883704,0.5103701354549345,3.1340940345375346e-12,4.612377643966987,0.005249981763360393,0.001449947676034484
34.627483437742775,0.0,5.499999428804326e6,0.0,0.0,2.4215053763271305e6,26.878644879161737,2546.5298652772562,14339.40830783586,5532.896928496365,25822.94518252893,1211.3543516235595,9.72019804043487,0.0,3.9772035520776147e8,0.0,0.0,1.1451800293764002e6,26.94604965213288,35297.96585447159,300.68174480205795,52625.3407274635,130888.6004524072,98963.14993927025,20201.681558645403,16708.04432983574,76991.01807233228,14.072909625063335,11.431569933708621,8.996122941634386,412042.5196883704,0.5103701354549345,3.1340940345375346e-12,4.612377643966987,0.005249981763360393,0.001449947676034484
34.74206307796676,0.0,5.499999478834252e6,0.0,0.0,2.4226659166865353e6,25.38205125043445,2558.850819315622,14257.509725991276,5526.414163481347,25829.51705982053,1183.9565409760287,9.696505177110176,0.0,3.978075709570717e8,0.0,0.0,1.1459905407902163e6,25.445702949014088,35364.57595689644,301.7869580563159,52353.6691987011,130141.79262003425,98399.44395644972,20208.959888577796,16364.317230917013,75626.91258232632,14.060897542392958,11.388184961482093,8.950139766693209,412014.99186195276,0.47319788178499655,1.9818318370497764e-12,4.586081863978784,0.004867740675854949,0.0013597507107829178
34.74206307796676,0.0,5.499999478834252e6,0.0,0.0,2.4226659166865353e6,25.38205125043445,2558.850819315622,14257.509725991276,5526.414163481347,25829.51705982053,1183.9565409760287,9.696505177110176,0.0,3.978075709570717e8,0.0,0.0,1.1459905407902163e6,25.445702949014088,35364.57595689644,301.7869580563159,52353.6691987011,130141.79262003425,98399.44395644972,20208.959888577796,16364.317230917013,75626.91258232632,14.060897542392958,11.388184961482093,8.950139766693209,412014.99186195276,0.47319788178499655,1.9818318370497764e-12,4.586081863978784,0.004867740675854949,0.0013597507107829178
34.857808849123,0.0,5.49999952492556e6,0.0,0.0,2.4238208479038705e6,23.954816137391433,2571.2859853863224,14175.251765337794,5519.757337003461,25836.149926138765,1156.9074761625702,9.672545595913713,0.0,3.9789562362562263e8,0.0,0.0,1.1467971348274138e6,24.014888695013493,35431.436245679964,302.92087996244913,52080.78021710497,129391.66006985947,97833.15281238331,20215.625987809177,16026.970337768498,74270.7688327196,14.047876570934896,11.343663422829515,8.903203063561495,411987.24510195456,0.43839548938444634,1.2473714566881583e-12,4.559667364823707,0.004509853897558337,0.0012744333922006844
34.857808849123,0.0,5.49999952492556e6,0.0,0.0,2.4238208479038705e6,23.954816137391433,2571.2859853863224,14175.251765337794,5519.757337003461,25836.149926138765,1156.9074761625702,9.672545595913713,0.0,3.9789562362562263e8,0.0,0.0,1.1467971348274138e6,24.014888695013493,35431.436245679964,302.92087996244913,52080.78021710497,129391.66006985947,97833.15281238331,20215.625987809177,16026.970337768498,74270.7688327196,14.047876570934896,11.343663422829515,8.903203063561495,411987.24510195456,0.43839548938444634,1.2473714566881583e-12,4.559667364823707,0.004509853897558337,0.0012744333922006844
34.974636538159366,0.0,5.49999956731527e6,0.0,0.0,2.4249690848094327e6,22.595607985196803,2583.8259847344325,14092.7054116051,5512.929618578667,25842.838776173456,1130.2307233724896,9.64833824746745,0.0,3.979844476942409e8,0.0,0.0,1.1475990536147973e6,22.65227199609595,35498.50354010469,304.0826140381229,51806.90966419345,128638.85211131285,97264.77081416703,20221.662659891022,15696.229608523267,72924.0060819177,14.033849752941114,11.298041759339265,8.85535503387713,411959.3014499279,0.40586280022254917,7.817093728073637e-13,4.533157099870017,0.004175293856228771,0.0011938429593908268
34.974636538159366,0.0,5.49999956731527e6,0.0,0.0,2.4249690848094327e6,22.595607985196803,2583.8259847344325,14092.7054116051,5512.929618578667,25842.838776173456,1130.2307233724896,9.64833824746745,0.0,3.979844476942409e8,0.0,0.0,1.1475990536147973e6,22.65227199609595,35498.50354010469,304.0826140381229,51806.90966419345,128638.85211131285,97264.77081416703,20221.662659891022,15696.229608523267,72924.0060819177,14.033849752941114,11.298041759339265,8.85535503387713,411959.3014499279,0.40586280022254917,7.817093728073637e-13,4.533157099870017,0.004175293856228771,0.0011938429593908268
35.0,0.0,5.4999995760063045e6,0.0,0.0,2.425216073082677e6,22.310865892207918,2586.5469230645854,14074.847986230005,5511.433033114066,25844.290136133917,1124.5207357905283,9.643079855786993,0.0,3.980037246751881e8,0.0,0.0,1.1477715481023185e6,22.3668158426989,35513.01018303712,304.3370585866538,51747.6594654551,128475.9898353342,97141.79829482938,20222.88217337538,15625.69106705515,72634.52879275859,14.030689064231735,11.28804882013556,8.844906591801287,411953.24313847756,0.3991252539051508,7.062923025473079e-13,4.527421681117053,0.004106004521159057,0.0011770440379389228
35.092503216948934,0.0,5.49999960625007e6,0.0,0.0,2.426109995411292e6,21.302452587918193,2596.465894382295,14009.91133556035,5505.932062159849,25849.580981243114,1103.9386317724598,9.623893647635887,0.0,3.980740091422459e8,0.0,0.0,1.1483958557746336e6,21.355873695525087,35565.75945191735,305.2716457443646,51532.19288683937,127883.74164739232,96694.58359266423,20227.056658920606,15372.176694042939,71587.50427887216,14.018817879664669,11.251342689839268,8.806622788311477,411931.17292984895,0.37548674237996593,4.878540631880727e-13,4.506564289207649,0.0038628999618280043,0.0011177912136843243
35.092503216948934,0.0,5.49999960625007e6,0.0,0.0,2.426109995411292e6,21.302452587918193,2596.465894382295,14009.91133556035,5505.932062159849,25849.580981243114,1103.9386317724598,9.623893647635887,0.0,3.980740091422459e8,0.0,0.0,1.1483958557746336e6,21.355873695525087,35565.75945191735,305.2716457443646,51532.19288683937,127883.74164739232,96694.58359266423,20227.056658920606,15372.176694042939,71587.50427887216,14.018817879664669,11.251342689839268,8.806622788311477,411931.17292984895,0.37548674237996593,4.878540631880727e-13,4.506564289207649,0.0038628999618280043,0.0011177912136843243
35.211394913484796,0.0,5.499999641975057e6,0.0,0.0,2.4272432531212545e6,20.073014740064384,2609.20390702372,13926.88931876627,5498.764162445152,25856.37557459518,1078.0361211594454,9.599216388664933,0.0,3.9816429599769837e8,0.0,0.0,1.1491873132205347e6,20.123352731711034,35633.202613556045,306.4877470280369,51256.69592936875,127126.51105683898,96122.73282035663,20231.797012336443,15054.799413745,70261.77911774057,14.002779605324557,11.20357893109958,8.757022617679157,411902.8645887351,0.34714919499131297,3.032172435877508e-13,4.4798954412791865,0.00357145947691848,0.001046072433144745
35.211394913484796,0.0,5.499999641975057e6,0.0,0.0,2.4272432531212545e6,20.073014740064384,2609.20390702372,13926.88931876627,5498.764162445152,25856.37557459518,1078.0361211594454,9.599216388664933,0.0,3.9816429599769837e8,0.0,0.0,1.1491873132205347e6,20.123352731711034,35633.202613556045,306.4877470280369,51256.69592936875,127126.51105683898,96122.73282035663,20231.797012336443,15054.799413745,70261.77911774057,14.002779605324557,11.20357893109958,8.757022617679157,411902.8645887351,0.34714919499131297,3.032172435877508e-13,4.4798954412791865,0.00357145947691848,0.001046072433144745
35.331237256715134,0.0,5.499999674706197e6,0.0,0.0,2.4283679830780686e6,18.90554359903554,2622.0317568233286,13843.700688570014,5491.429230858718,25863.218144442562,1052.5402396313443,9.574323676295611,0.0,3.9825525047725034e8,0.0,0.0,1.1499728149569212e6,18.95295387138811,35700.79789095758,307.73006495677123,50980.62271055134,126367.7216408721,95549.64623029293,20235.871392066318,14744.232040998279,68947.98035518963,13.985743380461212,11.154788966983192,8.706597160433008,411874.3957762252,0.32074893968611934,1.8774415366457593e-13,4.45317040774631,0.0032999332892395066,0.000978518694778368
35.331237256715134,0.0,5.499999674706197e6,0.0,0.0,2.4283679830780686e6,18.90554359903554,2622.0317568233286,13843.700688570014,5491.429230858718,25863.218144442562,1052.5402396313443,9.574323676295611,0.0,3.9825525047725034e8,0.0,0.0,1.1499728149569212e6,18.95295387138811,35700.79789095758,307.73006495677123,50980.62271055134,126367.7216408721,95549.64623029293,20235.871392066318,14744.232040998279,68947.98035518963,13.985743380461212,11.154788966983192,8.706597160433008,411874.3957762252,0.32074893968611934,1.8774415366457593e-13,4.45317040774631,0.0032999332892395066,0.000978518694778368
35.452045485273366,0.0,5.4999997046733005e6,0.0,0.0,2.4294841809722586e6,17.797376822171827,2634.95078427541,13760.343864588433,5483.92528369122,25870.109403176917,1027.447885469582,9.549214176079692,0.0,3.9834688287151045e8,0.0,0.0,1.1507523579740918e6,17.842008095421413,35768.56118896604,308.9986669356401,50703.96839300633,125607.36088858881,94975.3180778805,20239.27166439299,14440.361322187342,67646.23280123016,13.967706649425093,11.104976329921895,8.655352497368924,411845.7644657716,0.29616752791530987,1.1579799341786002e-13,4.426388828205195,0.0030471048779031145,0.0009149129878669882
35.452045485273366,0.0,5.4999997046733005e6,0.0,0.0,2.4294841809722586e6,17.797376822171827,2634.95078427541,13760.343864588433,5483.92528369122,25870.109403176917,1027.447885469582,9.549214176079692,0.0,3.9834688287151045e8,0.0,0.0,1.1507523579740918e6,17.842008095421413,35768.56118896604,308.9986669356401,50703.96839300633,125607.36088858881,94975.3180778805,20239.27166439299,14440.361322187342,67646.23280123016,13.967706649425093,11.104976329921895,8.655352497368924,411845.7644657716,0.29616752791530987,1.1579799341786002e-13,4.426388828205195,0.0030471048779031145,0.0009149129878669882
35.5,0.0,5.499999715788526e6,0.0,0.0,2.429922415302183e6,17.37571982785258,2640.075559817118,13727.394744530737,5480.916371468745,25872.843071439533,1017.6538647364804,9.539243021300152,0.0,3.9838324077071613e8,0.0,0.0,1.151058417064111e6,17.419293693107768,35795.35834448601,309.506662079216,50594.60680938238,125306.7971853155,94748.27709856804,20240.426442601252,14322.236682039571,67135.75293649567,13.960311266733415,11.085033670832994,8.63490116035983,411834.4179769515,0.28694061764445555,9.558626881372922e-14,4.415801999393963,0.002952200570115989,0.0008908475817695624
35.57380783360897,0.0,5.499999732084315e6,0.0,0.0,2.4305915954826e6,16.746175481368105,2647.959438353077,13676.835953183316,5476.252035797263,25877.04852090234,1002.7614339281198,9.523892208382884,0.0,3.9843918297033745e8,0.0,0.0,1.1515257667514633e6,16.788170610271784,35836.49314074007,310.2933535575648,50426.79013468744,124845.58667189183,94399.87112695855,20241.98900567066,14143.141306651021,66356.94411959658,13.948671272818084,11.05415620234296,8.603306624761625,411816.975042029,0.273297820187916,7.115053498699862e-14,4.399556339482945,0.0028118738410766128,0.0008550613339460977
35.57380783360897,0.0,5.499999732084315e6,0.0,0.0,2.4305915954826e6,16.746175481368105,2647.959438353077,13676.835953183316,5476.252035797263,25877.04852090234,1002.7614339281198,9.523892208382884,0.0,3.9843918297033745e8,0.0,0.0,1.1515257667514633e6,16.788170610271784,35836.49314074007,310.2933535575648,50426.79013468744,124845.58667189183,94399.87112695855,20241.98900567066,14143.141306651021,66356.94411959658,13.948671272818084,11.05415620234296,8.603306624761625,411816.975042029,0.273297820187916,7.115053498699862e-14,4.399556339482945,0.0028118738410766128,0.0008550613339460977
35.696515742239356,0.0,5.499999757134937e6,0.0,0.0,2.4316900159933553e6,15.749615439189826,2661.05651321664,13593.191653185448,5468.409078329495,25884.03485193244,978.4821724265106,9.49836147515354,0.0,3.9853214300453305e8,0.0,0.0,1.1522928941968144e6,15.789111450161885,35904.59621828122,311.61396772254756,50149.1370900969,124082.53484676183,93823.4113540421,20244.015102155045,13852.51309444776,65080.46810614825,13.928639431280125,11.002343249347783,8.550476820571912,411788.03110789886,0.2520367467485037,4.3552460898505124e-14,4.372677799585103,0.002593181458503549,0.000798774647500856
35.696515742239356,0.0,5.499999757134937e6,0.0,0.0,2.4316900159933553e6,15.749615439189826,2661.05651321664,13593.191653185448,5468.409078329495,25884.03485193244,978.4821724265106,9.49836147515354,0.0,3.9853214300453305e8,0.0,0.0,1.1522928941968144e6,15.789111450161885,35904.59621828122,311.61396772254756,50149.1370900969,124082.53484676183,93823.4113540421,20244.015102155045,13852.51309444776,65080.46810614825,13.928639431280125,11.002343249347783,8.550476820571912,411788.03110789886,0.2520367467485037,4.3552460898505124e-14,4.372677799585103,0.002593181458503549,0.000798774647500856
35.82016273124478,0.0,5.499999780008611e6,0.0,0.0,2.432779260324056e6,14.805407029953944,2674.241026596626,13509.42408142394,5460.395937661628,25891.067869923525,954.6106068791361,9.472625290040332,0.0,3.986257567861388e8,0.0,0.0,1.1530536130768715e6,14.842535207512222,35972.874041906645,312.9603843652007,49871.05314777414,123318.32677943032,93246.03363033773,20245.342048212264,13568.408880618244,63817.11908872281,13.90761369371198,10.949551995922201,8.49688005530988,411758.9357579546,0.23228565470796825,2.655925443148523e-14,4.345757552718777,0.002390014276391979,0.0007458697690419463
35.82016273124478,0.0,5.499999780008611e6,0.0,0.0,2.432779260324056e6,14.805407029953944,2674.241026596626,13509.42408142394,5460.395937661628,25891.067869923525,954.6106068791361,9.472625290040332,0.0,3.986257567861388e8,0.0,0.0,1.1530536130768715e6,14.842535207512222,35972.874041906645,312.9603843652007,49871.05314777414,123318.32677943032,93246.03363033773,20245.342048212264,13568.408880618244,63817.11908872281,13.90761369371198,10.949551995922201,8.49688005530988,411758.9357579546,0.23228565470796825,2.655925443148523e-14,4.345757552718777,0.002390014276391979,0.0007458697690419463
35.944723078442216,0.0,5.499999800873535e6,0.0,0.0,2.433858989812608e6,13.911450532214921,2687.5099485728324,13425.559125387925,5452.213476042339,25898.145956330092,931.1504892099609,9.446691015048069,0.0,3.9872000357601756e8,0.0,0.0,1.1538076868729386e6,13.946336895312424,36041.319643351984,314.3322755394648,49592.6245805398,122553.20028989832,92667.92066259282,20245.96224154322,13290.799770058618,62567.38584703099,13.8856007707299,10.89580600023915,8.442542265130376,411729.69658306066,0.21395336172744886,1.6137356508407374e-14,4.318804042164876,0.0022014355342798754,0.0006961779618819816
35.944723078442216,0.0,5.499999800873535e6,0.0,0.0,2.433858989812608e6,13.911450532214921,2687.5099485728324,13425.559125387925,5452.213476042339,25898.145956330092,931.1504892099609,9.446691015048069,0.0,3.9872000357601756e8,0.0,0.0,1.1538076868729386e6,13.946336895312424,36041.319643351984,314.3322755394648,49592.6245805398,122553.20028989832,92667.92066259282,20245.96224154322,13290.799770058618,62567.38584703099,13.8856007707299,10.89580600023915,8.442542265130376,411729.69658306066,0.21395336172744886,1.6137356508407374e-14,4.318804042164876,0.0022014355342798754,0.0006961779618819816
36.0,0.0,5.499999809487351e6,0.0,0.0,2.434332575467601e6,13.532224208360901,2693.3942067727476,13388.508660154861,5448.5473218531515,25901.284829098367,920.9246778942503,9.435180008262524,0.0,3.9876180926100546e8,0.0,0.0,1.1541384350245914e6,13.56615956874309,36071.58974558255,314.9459819871272,49469.61170198778,122215.16807376817,92412.4984656951,20246.009366512266,13170.293820632955,62020.08545846608,13.875570012413883,10.87177985353352,8.418323403691664,411716.74377884885,0.2062884201102143,1.2936194763539144e-14,4.306895731476978,0.002122586874019706,0.0006752190254666774
36.0702306689605,0.0,5.499999819896073e6,0.0,0.0,2.43492938959928e6,13.065282025192568,2700.866598876952,13341.58244515579,5443.858692335945,25905.27087981399,908.0940815219374,9.420553639828508,0.0,3.988149077341465e8,0.0,0.0,1.154555244885388e6,13.098046413898594,36109.95871631991,315.72998148660963,49313.80409011599,121787.02612867072,92088.97764983005,20245.868649434444,13019.521826503182,61331.14460704968,13.862597418711117,10.84110370677114,8.38746386806264,411700.30717367266,0.19694471319604323,9.767948868982918e-15,4.291812776867791,0.0020264674689520717,0.0006495140239424662
36.0702306689605,0.0,5.499999819896073e6,0.0,0.0,2.43492938959928e6,13.065282025192568,2700.866598876952,13341.58244515579,5443.858692335945,25905.27087981399,908.0940815219374,9.420553639828508,0.0,3.988149077341465e8,0.0,0.0,1.154555244885388e6,13.098046413898594,36109.95871631991,315.72998148660963,49313.80409011599,121787.02612867072,92088.97764983005,20245.868649434444,13019.521826503182,61331.14460704968,13.862597418711117,10.84110370677114,8.38746386806264,411700.30717367266,0.19694471319604323,9.767948868982918e-15,4.291812776867791,0.0020264674689520717,0.0006495140239424662
36.19669851255317,0.0,5.499999837226481e6,0.0,0.0,2.435990457457354e6,12.264691975099689,2714.3120631978363,13257.494066341395,5435.32992460831,25912.44321744281,885.437766357702,9.394212533694537,0.0,3.989104777776298e8,0.0,0.0,1.1552962855590992e6,12.295448688537409,36178.80513266534,317.1536357476389,49034.59203809034,121019.80602558801,91509.20857541217,20245.053856533017,12754.462035477605,60108.48424736919,13.83860402596767,10.785452743893917,8.331654612004883,411670.7660681615,0.18117334296449875,5.889877078275858e-15,4.2647838759529195,0.0018642225900291226,0.0006057107543599786
36.19669851255317,0.0,5.499999837226481e6,0.0,0.0,2.435990457457354e6,12.264691975099689,2714.3120631978363,13257.494066341395,5435.32992460831,25912.44321744281,885.437766357702,9.394212533694537,0.0,3.989104777776298e8,0.0,0.0,1.1552962855590992e6,12.295448688537409,36178.80513266534,317.1536357476389,49034.59203809034,121019.80602558801,91509.20857541217,20245.053856533017,12754.462035477605,60108.48424736919,13.83860402596767,10.785452743893917,8.331654612004883,411670.7660681615,0.18117334296449875,5.889877078275858e-15,4.2647838759529195,0.0018642225900291226,0.0006057107543599786
36.324081251296526,0.0,5.499999852996913e6,0.0,0.0,2.4370417115866374e6,11.507893530735458,2727.841224088058,13173.332633960332,5426.629519391135,25919.66023736786,863.1880281541856,9.367679260147513,0.0,3.990066781243992e8,0.0,0.0,1.1560304724089582e6,11.536752387061831,36247.840937038585,318.602723279281,48755.1170072812,120251.89401892241,90928.88351423967,20243.51122635936,12495.626300522916,58900.03940794263,13.813632765936182,10.72888710017041,8.275150515128374,411641.0854180824,0.16656434002165954,3.5385044740050095e-15,4.237729867267971,0.0017139311328908996,0.000564627460378774
36.324081251296526,0.0,5.499999852996913e6,0.0,0.0,2.4370417115866374e6,11.507893530735458,2727.841224088058,13173.332633960332,5426.629519391135,25919.66023736786,863.1880281541856,9.367679260147513,0.0,3.990066781243992e8,0.0,0.0,1.1560304724089582e6,11.536752387061831,36247.840937038585,318.602723279281,48755.1170072812,120251.89401892241,90928.88351423967,20243.51122635936,12495.626300522916,58900.03940794263,13.813632765936182,10.72888710017041,8.275150515128374,411641.0854180824,0.16656434002165954,3.5385044740050095e-15,4.237729867267971,0.0017139311328908996,0.000564627460378774
36.452438529830516,0.0,5.499999867342878e6,0.0,0.0,2.438083545255265e6,10.79253352340369,2741.460117326155,13089.067275724406,5417.75271398718,25926.925157418504,841.3327143191254,9.340943546801363,0.0,3.991035524941117e8,0.0,0.0,1.1567580800900508e6,10.819598439629898,36317.10499029608,320.07793315706203,48475.276719868576,119483.0097970932,90347.79301482634,20241.233190240608,12242.80463836403,57705.432189557774,13.787675858650967,10.671394750275935,8.217941488009817,411611.25289502845,0.1530348781994697,2.1175823961414777e-15,4.210640927194853,0.0015747417981457183,0.0005260959673544224
36.452438529830516,0.0,5.499999867342878e6,0.0,0.0,2.438083545255265e6,10.79253352340369,2741.460117326155,13089.067275724406,5417.75271398718,25926.925157418504,841.3327143191254,9.340943546801363,0.0,3.991035524941117e8,0.0,0.0,1.1567580800900508e6,10.819598439629898,36317.10499029608,320.07793315706203,48475.276719868576,119483.0097970932,90347.79301482634,20241.233190240608,12242.80463836403,57705.432189557774,13.787675858650967,10.671394750275935,8.217941488009817,411611.25289502845,0.1530348781994697,2.1175823961414777e-15,4.210640927194853,0.0015747417981457183,0.0005260959673544224
36.5,0.0,5.499999872295552e6,0.0,0.0,2.4384651930668983e6,10.538906810169314,2746.502948759759,13057.980551632427,5414.43586293445,25929.615234706114,833.3755069721237,9.331037475787237,0.0,3.991394325121103e8,0.0,0.0,1.1570246196419757e6,10.565335695408772,36342.696228922134,320.6283273876999,48372.03450662008,119199.35137514625,90133.40856536158,20240.206511529268,12151.108724068503,57268.599903383794,13.777859621600332,10.649970792583636,8.196678307003836,411600.21790832374,0.14830564114940928,1.750723582343933e-15,4.20064705563052,0.0015260871453232972,0.0005125078812561357
36.58171677461007,0.0,5.499999880376995e6,0.0,0.0,2.4391154285407597e6,10.116982345901656,2755.162757216545,13004.74169242079,5408.702558477025,25934.23478274236,819.8790730236382,9.314018737396948,0.0,3.992010591163894e8,0.0,0.0,1.1574787385090727e6,10.142353152400434,36386.57473755478,321.5786736323111,48195.2165219033,118713.55342324014,89766.24166962778,20238.214004819394,11996.013563121682,56525.33880792295,13.760748459473657,10.613014610067006,8.16006814742262,411581.28252473194,0.140518930442966,1.2625861022735646e-15,4.1835311993947,0.0014459760127825457,0.0004899904405650177
36.58171677461007,0.0,5.499999880376995e6,0.0,0.0,2.4391154285407597e6,10.116982345901656,2755.162757216545,13004.74169242079,5408.702558477025,25934.23478274236,819.8790730236382,9.314018737396948,0.0,3.992010591163894e8,0.0,0.0,1.1574787385090727e6,10.142353152400434,36386.57473755478,321.5786736323111,48195.2165219033,118713.55342324014,89766.24166962778,20238.214004819394,11996.013563121682,56525.33880792295,13.760748459473657,10.613014610067006,8.16006814742262,411581.28252473194,0.140518930442966,1.2625861022735646e-15,4.1835311993947,0.0014459760127825457,0.0004899904405650177
36.71198183528402,0.0,5.499999892215579e6,0.0,0.0,2.440137794711333e6,9.479038640472842,2768.95581839626,12920.32149513698,5399.473815466457,25941.592672171246,798.8142002329799,9.28689333663951,0.0,3.992992463029376e8,0.0,0.0,1.1581927502568192e6,9.502809647174193,36456.29171856767,323.10574718923175,47914.82239793443,117943.21235580601,89183.99536534092,20234.445544163424,11755.038642955407,55359.32700545647,13.732841533554794,10.553732292162193,8.101518108487543,411551.16062678635,0.1289425912067616,7.49837949575244e-16,4.156389718183931,0.0013268740606636425,0.00045615742158302246
36.71198183528402,0.0,5.499999892215579e6,0.0,0.0,2.440137794711333e6,9.479038640472842,2768.95581839626,12920.32149513698,5399.473815466457,25941.592672171246,798.8142002329799,9.28689333663951,0.0,3.992992463029376e8,0.0,0.0,1.1581927502568192e6,9.502809647174193,36456.29171856767,323.10574718923175,47914.82239793443,117943.21235580601,89183.99536534092,20234.445544163424,11755.038642955407,55359.32700545647,13.732841533554794,10.553732292162193,8.101518108487543,411551.16062678635,0.1289425912067616,7.49837949575244e-16,4.156389718183931,0.0013268740606636425,0.00045615742158302246
36.84319240316273,0.0,5.499999902955981e6,0.0,0.0,2.441150227455496e6,8.877123887089683,2782.8346163918873,12835.84212805742,5390.068795926926,25948.996325139033,778.1427818874574,9.259578199389022,0.0,3.993980815361867e8,0.0,0.0,1.1588998245849246e6,8.899385445398744,36526.239732432994,324.65872366065497,47634.21224430911,117172.31121425563,88601.30142732814,20229.922419637285,11519.869077113179,54207.92995766223,13.703968852085342,10.493582293267874,8.042327335525655,411520.89836079266,0.1182461301818666,4.4364063072468414e-16,4.129227963856144,0.00121682198229646,0.00042447958952845336
36.84319240316273,0.0,5.499999902955981e6,0.0,0.0,2.441150227455496e6,8.877123887089683,2782.8346163918873,12835.84212805742,5390.068795926926,25948.996325139033,778.1427818874574,9.259578199389022,0.0,3.993980815361867e8,0.0,0.0,1.1588998245849246e6,8.899385445398744,36526.239732432994,324.65872366065497,47634.21224430911,117172.31121425563,88601.30142732814,20229.922419637285,11519.869077113179,54207.92995766223,13.703968852085342,10.493582293267874,8.042327335525655,411520.89836079266,0.1182461301818666,4.4364063072468414e-16,4.129227963856144,0.00121682198229646,0.00042447958952845336
36.97540808378334,0.0,5.499999912696362e6,0.0,0.0,2.442153096247317e6,8.309253536047216,2796.8051408520105,12751.273957132145,5380.482633295339,25956.44893526991,757.8533692124928,9.232063205042952,0.0,3.9949760831082374e8,0.0,0.0,1.1596002195309028e6,8.330091020625582,36596.4562416987,326.23837717923357,47353.28777679129,116400.58070896706,88017.95815327979,20224.63605704479,11290.311641704508,53070.78078300239,13.674122528828546,10.432553378980453,7.982486665849764,411490.4836040845,0.10836508596076908,2.6142622516463214e-16,4.102036488571981,0.0011151570686771962,0.00039482094034291247
36.97540808378334,0.0,5.499999912696362e6,0.0,0.0,2.442153096247317e6,8.309253536047216,2796.8051408520105,12751.273957132145,5380.482633295339,25956.44893526991,757.8533692124928,9.232063205042952,0.0,3.9949760831082374e8,0.0,0.0,1.1596002195309028e6,8.330091020625582,36596.4562416987,326.23837717923357,47353.28777679129,116400.58070896706,88017.95815327979,20224.63605704479,11290.311641704508,53070.78078300239,13.674122528828546,10.432553378980453,7.982486665849764,411490.4836040845,0.10836508596076908,2.6142622516463214e-16,4.102036488571981,0.0011151570686771962,0.00039482094034291247
37.0,0.0,5.4999999143971475e6,0.0,0.0,2.4423377345577804e6,8.207708876476424,2799.402022503906,12735.605928915886,5378.687691279676,25957.83425075578,754.1382625012138,9.226946665213456,0.0,3.9951611288417727e8,0.0,0.0,1.1597291693402273e6,8.228291712996619,36609.48772599985,326.53380683892226,47301.23851429649,116257.59944246012,87909.8777395816,20223.572918268434,11248.415032230318,52861.79760972228,13.668489627805192,10.42115785450842,7.97133642664447,411484.835277668,0.10662044522414883,2.369346718874951e-16,4.096998575146374,0.0010972064195184498,0.0003895415389200962
37.10858376744608,0.0,5.499999921519389e6,0.0,0.0,2.443145970832845e6,7.77397748171486,2810.8623061627495,12666.654622617234,5370.71803048274,25963.947788153055,737.9507448284859,9.204360062568622,0.0,3.99597791246825e8,0.0,0.0,1.1602936346090925e6,7.793472630729758,36666.92276269069,327.8442512361375,47072.17415981109,115628.36540276185,87434.22771892746,20218.581837436555,11066.35888749524,51948.41547218355,13.643318308694925,10.370682856341304,7.9220345625482675,411459.9283721717,0.09924683210047719,1.5346144875553301e-16,4.07482747048404,0.001021338311186022,0.00036707612374513516
37.10858376744608,0.0,5.499999921519389e6,0.0,0.0,2.443145970832845e6,7.77397748171486,2810.8623061627495,12666.654622617234,5370.71803048274,25963.947788153055,737.9507448284859,9.204360062568622,0.0,3.99597791246825e8,0.0,0.0,1.1602936346090925e6,7.793472630729758,36666.92276269069,327.8442512361375,47072.17415981109,115628.36540276185,87434.22771892746,20218.581837436555,11066.35888749524,51948.41547218355,13.643318308694925,10.370682856341304,7.9220345625482675,411459.9283721717,0.09924683210047719,1.5346144875553301e-16,4.07482747048404,0.001021338311186022,0.00036707612374513516
37.24279014079527,0.0,5.4999999295088975e6,0.0,0.0,2.444129290483852e6,7.26943628854113,2825.01324851233,12581.948110716645,5360.769251330413,25971.4966892181,718.4221841195105,9.17645642518356,0.0,3.996986820674637e8,0.0,0.0,1.1609803766031233e6,7.287666177170567,36737.68193010553,329.47729595129454,46790.751857795054,114855.33766296785,86849.86407140411,20211.750138245003,10847.807589523381,50840.380875491326,13.611545653825418,10.307954725786011,7.860957290109039,411429.218109879,0.09083401175451361,8.971373635101572e-17,4.047589400668417,0.0009347759697015002,0.00034112099680100175
37.24279014079527,0.0,5.4999999295088975e6,0.0,0.0,2.444129290483852e6,7.26943628854113,2825.01324851233,12581.948110716645,5360.769251330413,25971.4966892181,718.4221841195105,9.17645642518356,0.0,3.996986820674637e8,0.0,0.0,1.1609803766031233e6,7.287666177170567,36737.68193010553,329.47729595129454,46790.751857795054,114855.33766296785,86849.86407140411,20211.750138245003,10847.807589523381,50840.380875491326,13.611545653825418,10.307954725786011,7.860957290109039,411429.218109879,0.09083401175451361,8.971373635101572e-17,4.047589400668417,0.0009347759697015002,0.00034112099680100175
37.37802685898537,0.0,5.499999936737223e6,0.0,0.0,2.445102956783745e6,6.794139416367528,2839.2575929704503,12497.16393603738,5350.63572924684,25979.095437142958,699.2658175529526,9.148354765724495,0.0,3.9980027899938774e8,0.0,0.0,1.161660376779693e6,6.8111773818956785,36808.73843092662,331.1376273738609,46509.05255538782,114081.5852792461,86264.9350675038,20204.134220895936,10634.578893359694,49746.82842775123,13.578810348259742,10.244386156227723,7.799273582352907,411398.35462453816,0.08307780349776564,5.2231043498597176e-17,4.020325405122528,0.0008549680711170644,0.00031685297122562017
37.37802685898537,0.0,5.499999936737223e6,0.0,0.0,2.445102956783745e6,6.794139416367528,2839.2575929704503,12497.16393603738,5350.63572924684,25979.095437142958,699.2658175529526,9.148354765724495,0.0,3.9980027899938774e8,0.0,0.0,1.161660376779693e6,6.8111773818956785,36808.73843092662,331.1376273738609,46509.05255538782,114081.5852792461,86264.9350675038,20204.134220895936,10634.578893359694,49746.82842775123,13.578810348259742,10.244386156227723,7.799273582352907,411398.35462453816,0.08307780349776564,5.2231043498597176e-17,4.020325405122528,0.0008549680711170644,0.00031685297122562017
37.5,0.0,5.499999942618692e6,0.0,0.0,2.4459665671894634e6,6.392170100222355,2852.091785581767,12421.184972184737,5341.404361839369,25985.94194608696,682.4262519195714,9.123024864933953,0.0,3.9989185273145986e8,0.0,0.0,1.162263514865545e6,6.4082000294221135,36872.622702191344,332.64764751459546,46256.592924668774,113388.17776817922,85740.73015203001,20196.643617907754,10448.093025109067,48780.00084570471,13.548685366575866,10.186764269193954,7.74353928598851,411370.58906823944,0.07665196854072549,3.206562092894051e-17,3.9958921397220117,0.0007888478583545126,0.0002964735624887978
37.51422181200931,0.0,5.499999943267845e6,0.0,0.0,2.446066373830076e6,6.346877207079159,2853.5874162308623,12412.356092281107,5340.322409260716,25986.73980391912,680.4893526666917,9.120072487924968,0.0,3.9990252640121573e8,0.0,0.0,1.1623332189656526e6,6.362793553276752,36880.059273761544,332.8244793737005,46227.25572217306,113307.60193254417,85679.81532207048,20195.732207223355,10426.700904111518,48668.45936618814,13.54513658066306,10.180028786622712,7.737035347314943,411367.356036573,0.07593584896418382,3.029241069618152e-17,3.9930529101182577,0.0007814790967497409,0.0002941858318933591
37.51422181200931,0.0,5.499999943267845e6,0.0,0.0,2.446066373830076e6,6.346877207079159,2853.5874162308623,12412.356092281107,5340.322409260716,25986.73980391912,680.4893526666917,9.120072487924968,0.0,3.9990252640121573e8,0.0,0.0,1.1623332189656526e6,6.362793553276752,36880.059273761544,332.8244793737005,46227.25572217306,113307.60193254417,85679.81532207048,20195.732207223355,10426.700904111518,48668.45936618814,13.54513658066306,10.180028786622712,7.737035347314943,411367.356036573,0.07593584896418382,3.029241069618152e-17,3.9930529101182577,0.0007814790967497409,0.0002941858318933591
37.65147770131939,0.0,5.499999949167472e6,0.0,0.0,2.4470201909347894e6,5.925914190498544,2868.0131891467545,12327.46955471677,5329.821066950611,25994.435374119705,662.0761341759384,9.091590720984566,0.0,4.0000549987399524e8,0.0,0.0,1.1629993566348844e6,5.940774869020573,36951.70288436485,334.5392587831754,45945.178574436475,112532.88632719856,85094.12717500525,20186.531807932468,10223.933117275035,47604.57446745342,13.510505901121286,10.114852148591018,7.674214944399746,411336.2006639125,0.06935928364294672,1.749427442763161e-17,3.9657542805054113,0.0007138065372621729,0.00027300875889594125
37.65147770131939,0.0,5.499999949167472e6,0.0,0.0,2.4470201909347894e6,5.925914190498544,2868.0131891467545,12327.46955471677,5329.821066950611,25994.435374119705,662.0761341759384,9.091590720984566,0.0,4.0000549987399524e8,0.0,0.0,1.1629993566348844e6,5.940774869020573,36951.70288436485,334.5392587831754,45945.178574436475,112532.88632719856,85094.12717500525,20186.531807932468,10223.933117275035,47604.57446745342,13.510505901121286,10.114852148591018,7.674214944399746,411336.2006639125,0.06935928364294672,1.749427442763161e-17,3.9657542805054113,0.0007138065372621729,0.00027300875889594125
37.7897328093174,0.0,5.499999954489986e6,0.0,0.0,2.4479638996143825e6,5.530108385417415,2882.528081460719,12242.551626660326,5319.135975964636,26002.178502954164,644.0320178302192,9.062924766422826,0.0,4.0010915157299566e8,0.0,0.0,1.1636584346668797e6,5.54397648412182,37023.6414122706,336.28134658146826,45662.97832719964,111757.87100451,84508.19884645671,20176.531110650554,10026.285632101624,46555.76456665073,13.474940947781185,10.048903881376066,7.610860162713957,411304.9042484331,0.06331052791160355,1.006287812666224e-17,3.9384447844500885,0.0006515639625412562,0.0002532429646560051
37.7897328093174,0.0,5.499999954489986e6,0.0,0.0,2.4479638996143825e6,5.530108385417415,2882.528081460719,12242.551626660326,5319.135975964636,26002.178502954164,644.0320178302192,9.062924766422826,0.0,4.0010915157299566e8,0.0,0.0,1.1636584346668797e6,5.54397648412182,37023.6414122706,336.28134658146826,45662.97832719964,111757.87100451,84508.19884645671,20176.531110650554,10026.285632101624,46555.76456665073,13.474940947781185,10.048903881376066,7.610860162713957,411304.9042484331,0.06331052791160355,1.006287812666224e-17,3.9384447844500885,0.0006515639625412562,0.0002532429646560051
37.92906081021836,0.0,5.499999959290154e6,0.0,0.0,2.448897926393117e6,5.157971667006003,2897.1394804289716,12157.566210860845,5308.261029310392,26009.973130173457,626.344866621468,9.034061876688675,0.0,4.002135351712024e8,0.0,0.0,1.1643107509425173e6,5.170906541913914,37095.91735945179,338.0518354657258,45380.53503074637,110982.22730442183,83921.78299589865,20165.71888313225,9833.57242537291,45521.57424222051,13.438430194204992,9.982167560164125,7.5469570742137675,411273.45185862243,0.05774837164870152,5.763478601228326e-18,3.9111128657513556,0.0005943275487055994,0.00023479416960676784
37.92906081021836,0.0,5.499999959290154e6,0.0,0.0,2.448897926393117e6,5.157971667006003,2897.1394804289716,12157.566210860845,5308.261029310392,26009.973130173457,626.344866621468,9.034061876688675,0.0,4.002135351712024e8,0.0,0.0,1.1643107509425173e6,5.170906541913914,37095.91735945179,338.0518354657258,45380.53503074637,110982.22730442183,83921.78299589865,20165.71888313225,9833.57242537291,45521.57424222051,13.438430194204992,9.982167560164125,7.5469570742137675,411273.45185862243,0.05774837164870152,5.763478601228326e-18,3.9111128657513556,0.0005943275487055994,0.00023479416960676784
38.0,0.0,5.499999961536159e6,0.0,0.0,2.449367028178659e6,4.9782270795785095,2904.5726915067194,12114.522492492626,5302.683424887708,26013.938472066442,617.5267007936737,9.0193767403757,0.0,4.002666544023335e8,0.0,0.0,1.1646383675982777e6,4.99071120099186,37132.6345133926,338.95897306459864,45237.47497900181,110589.37199704093,83624.76517890255,20159.93417073403,9737.874715470216,45003.658705556794,13.419589586195434,9.948090090644325,7.514405610536187,411257.4712484383,0.05510691939820084,4.339609890648839e-18,3.8972694394465894,0.0005671457832001577,0.00022593203927855353
38.06944441402388,0.0,5.499999963614764e6,0.0,0.0,2.4498220740799727e6,4.808338568629648,2911.8452136886403,12072.533310625455,5297.197148073128,26017.81809590821,609.014497688695,9.005008206812883,0.0,4.003186360994393e8,0.0,0.0,1.164956167745284e6,4.820396653069691,37168.525620202614,339.85068947113723,45097.91514759864,110206.13853317498,83335.01925822909,20154.09036193768,9645.740240558245,44502.2372971154,13.400985629873434,9.91467042627152,7.482533692432539,411241.8491984184,0.052638193790267206,3.2871035629820586e-18,3.883765006768549,0.0005417412419050214,0.00021758599964874156
38.06944441402388,0.0,5.499999963614764e6,0.0,0.0,2.4498220740799727e6,4.808338568629648,2911.8452136886403,12072.533310625455,5297.197148073128,26017.81809590821,609.014497688695,9.005008206812883,0.0,4.003186360994393e8,0.0,0.0,1.164956167745284e6,4.820396653069691,37168.525620202614,339.85068947113723,45097.91514759864,110206.13853317498,83335.01925822909,20154.09036193768,9645.740240558245,44502.2372971154,13.400985629873434,9.91467042627152,7.482533692432539,411241.8491984184,0.052638193790267206,3.2871035629820586e-18,3.883765006768549,0.0005417412419050214,0.00021758599964874156
38.210939224087404,0.0,5.499999967508866e6,0.0,0.0,2.4507366261024303e6,4.479915602358409,2926.650738093977,11987.428889257319,5285.9395295142385,26025.716310251275,592.0317042628509,8.975754865187398,0.0,4.0042449432982427e8,0.0,0.0,1.165594883018496e6,4.491150085922011,37241.498567041825,341.6788211849589,44815.03874907696,109429.38600912804,82747.74327056277,20141.634788166404,9462.639563841945,43497.45270412172,13.362600067144417,9.846405022802324,7.417584863003332,411210.0855901797,0.047945042128612975,1.8664300848380163e-18,3.8563935229883586,0.0004934455515890037,0.00020153744455455138
38.210939224087404,0.0,5.499999967508866e6,0.0,0.0,2.4507366261024303e6,4.479915602358409,2926.650738093977,11987.428889257319,5285.9395295142385,26025.716310251275,592.0317042628509,8.975754865187398,0.0,4.0042449432982427e8,0.0,0.0,1.165594883018496e6,4.491150085922011,37241.498567041825,341.6788211849589,44815.03874907696,109429.38600912804,82747.74327056277,20141.634788166404,9462.639563841945,43497.45270412172,13.362600067144417,9.846405022802324,7.417584863003332,411210.0855901797,0.047945042128612975,1.8664300848380163e-18,3.8563935229883586,0.0004934455515890037,0.00020153744455455138
38.3534410499438,0.0,5.49999997100957e6,0.0,0.0,2.451640840544311e6,4.171823767692857,2941.544790367224,11902.32488818137,5274.496148200774,26033.661763756587,575.4062474418075,8.946326021629607,0.0,4.005310302847039e8,0.0,0.0,1.1662263786142697e6,4.182285635662806,37314.7860195523,343.5350870242046,44532.14491598537,108652.62701515555,82160.452890345,20128.3558092559,9284.326586607096,42508.03970532959,13.323310177005908,9.777441402258354,7.352179041339665,411178.1862193013,0.043641310671210784,1.0555059836969254e-18,3.829021596011524,0.0004491565587725763,0.00018658928678541882
38.3534410499438,0.0,5.49999997100957e6,0.0,0.0,2.451640840544311e6,4.171823767692857,2941.544790367224,11902.32488818137,5274.496148200774,26033.661763756587,575.4062474418075,8.946326021629607,0.0,4.005310302847039e8,0.0,0.0,1.1662263786142697e6,4.182285635662806,37314.7860195523,343.5350870242046,44532.14491598537,108652.62701515555,82160.452890345,20128.3558092559,9284.326586607096,42508.03970532959,13.323310177005908,9.777441402258354,7.352179041339665,411178.1862193013,0.043641310671210784,1.0555059836969254e-18,3.829021596011524,0.0004491565587725763,0.00018658928678541882
38.4971208555748,0.0,5.499999974157461e6,0.0,0.0,2.4525357275119666e6,3.882632456487013,2956.5448644061976,11817.128844268158,5262.852938612625,26041.663787968613,559.1156146415507,8.916689051099272,0.0,4.006383700862657e8,0.0,0.0,1.1668513599822011e6,3.892369106546436,37388.4791510143,345.42193735312424,44248.926221709604,107875.0182534552,81572.51135630536,20114.231713037298,9110.512597157029,41532.89457165088,13.283077225513939,9.70771685753387,7.286258655268274,411146.1146774281,0.03969302670472352,5.941051440102727e-19,3.80161952766589,0.00040852480238740734,0.00017265699279861554
38.4971208555748,0.0,5.499999974157461e6,0.0,0.0,2.4525357275119666e6,3.882632456487013,2956.5448644061976,11817.128844268158,5262.852938612625,26041.663787968613,559.1156146415507,8.916689051099272,0.0,4.006383700862657e8,0.0,0.0,1.1668513599822011e6,3.892369106546436,37388.4791510143,345.42193735312424,44248.926221709604,107875.0182534552,81572.51135630536,20114.231713037298,9110.512597157029,41532.89457165088,13.283077225513939,9.70771685753387,7.286258655268274,411146.1146774281,0.03969302670472352,5.941051440102727e-19,3.80161952766589,0.00040852480238740734,0.00017265699279861554
38.5,0.0,5.499999974216916e6,0.0,0.0,2.452553489532116e6,3.8770471478830144,2956.845269755988,11815.427878334376,5262.618559354404,26041.8240440172,558.7939268893334,8.916095540914098,0.0,4.0064052023930967e8,0.0,0.0,1.166863764824434e6,3.8867697914156905,37389.95385822629,345.4599028107511,44243.271478058006,107859.49295450335,81560.77276374136,20113.941216400926,9107.089450691152,41513.581357775365,13.282264824764123,9.706317884915421,7.28493811035224,411145.4729457804,0.03961767223168677,5.873023336924083e-19,3.8010724315070235,0.00040774932424432925,0.00017238888476353104
38.6418623169008,0.0,5.499999976983099e6,0.0,0.0,2.453420483709711e6,3.6115702897725313,2971.6384293250594,11731.919658784896,5251.018983265915,26049.71569730862,543.1705476451555,8.886870677954768,0.0,4.0074642508435243e8,0.0,0.0,1.167469266107486e6,3.6206271851832135,37462.52126905166,347.3380867592572,43965.64486442615,107097.28047011177,80984.46438871902,20099.26799340974,8941.266633980918,40572.89123330568,13.241942263562077,9.637308133093537,7.219898228098774,411113.89884734043,0.0360766614137507,3.329826773032303e-19,3.7742127333047417,0.00037130827735640373,0.0001596893491134756
38.6418623169008,0.0,5.499999976983099e6,0.0,0.0,2.453420483709711e6,3.6115702897725313,2971.6384293250594,11731.919658784896,5251.018983265915,26049.71569730862,543.1705476451555,8.886870677954768,0.0,4.0074642508435243e8,0.0,0.0,1.167469266107486e6,3.6206271851832135,37462.52126905166,347.3380867592572,43965.64486442615,107097.28047011177,80984.46438871902,20099.26799340974,8941.266633980918,40572.89123330568,13.241942263562077,9.637308133093537,7.219898228098774,411113.89884734043,0.0360766614137507,3.329826773032303e-19,3.7742127333047417,0.00037130827735640373,0.0001596893491134756
38.7877827231595,0.0,5.499999979519106e6,0.0,0.0,2.454295752938458e6,3.3574523525073015,2986.837326918847,11646.63815165864,5238.98440316393,26057.823808238107,527.5555210808819,8.856849500469327,0.0,4.00855281080182e8,0.0,0.0,1.16808054661515e6,3.3658719850668892,37536.97518705286,349.2853404333895,43682.10398977633,106318.8740670665,80395.90471398986,20083.446848972086,8776.379416393855,39627.324422091464,13.199880878916508,9.56617886146581,7.153065396477959,411081.5145452429,0.032764273195581166,1.8575132995409877e-19,3.7467822138173896,0.0003372195479499033,0.00014761655254128534
38.7877827231595,0.0,5.499999979519106e6,0.0,0.0,2.454295752938458e6,3.3574523525073015,2986.837326918847,11646.63815165864,5238.98440316393,26057.823808238107,527.5555210808819,8.856849500469327,0.0,4.00855281080182e8,0.0,0.0,1.16808054661515e6,3.3658719850668892,37536.97518705286,349.2853404333895,43682.10398977633,106318.8740670665,80395.90471398986,20083.446848972086,8776.379416393855,39627.324422091464,13.199880878916508,9.56617886146581,7.153065396477959,411081.5145452429,0.032764273195581166,1.8575132995409877e-19,3.7467822138173896,0.0003372195479499033,0.00014761655254128534
38.93480546102913,0.0,5.49999998179176e6,0.0,0.0,2.4551610011329367e6,3.119494872951842,3002.133178693273,11561.33916169267,5226.755238504171,26065.983650415277,512.2761723269915,8.826644086907475,0.0,4.009648791163101e8,0.0,0.0,1.1686848285185974e6,3.1273177689587377,37611.804390074474,351.2629450888535,43398.48579504977,105540.30011426802,79807.21185520907,20066.770872916073,8615.867472738564,38696.760913931015,13.156924254305379,9.494387373172614,7.085816912724508,411048.9807384432,0.02973437199604063,1.0316378717623075e-19,3.7193456411971906,0.0003060375558422677,0.00013638917948353743
38.93480546102913,0.0,5.49999998179176e6,0.0,0.0,2.4551610011329367e6,3.119494872951842,3002.133178693273,11561.33916169267,5226.755238504171,26065.983650415277,512.2761723269915,8.826644086907475,0.0,4.009648791163101e8,0.0,0.0,1.1686848285185974e6,3.1273177689587377,37611.804390074474,351.2629450888535,43398.48579504977,105540.30011426802,79807.21185520907,20066.770872916073,8615.867472738564,38696.760913931015,13.156924254305379,9.494387373172614,7.085816912724508,411048.9807384432,0.02973437199604063,1.0316378717623075e-19,3.7193456411971906,0.0003060375558422677,0.00013638917948353743
39.0,0.0,5.499999982717082e6,0.0,0.0,2.4555394187897504e6,3.0194473547760534,3008.9101097744674,11523.715031415966,5221.299702518341,26069.598926740015,505.6431179273692,8.81326419461142,0.0,4.0101345257905114e8,0.0,0.0,1.168949112158155e6,3.0270193571728257,37644.92766554952,352.14487946996877,43273.379848977114,105196.8801897954,79547.5443712475,20059.143028457012,8546.444929680623,38291.11577457002,13.137696345808479,9.46251889422169,7.056030577610404,411034.584714079,0.028482084830686663,7.948272767816305e-20,3.707243644089356,0.00029314961911667544,0.00013169207627706188
39.08298896009456,0.0,5.499999983827255e6,0.0,0.0,2.456016506478535e6,2.896720802620708,3017.5316660888966,11475.998668910748,5214.3264264322315,26074.19825405197,497.3236315977632,8.796245260064884,0.0,4.010752609478264e8,0.0,0.0,1.1692823061001129e6,2.903985038185381,37687.041073983746,353.271963000994,43114.71027630709,104761.33987054379,79218.22103007519,20049.228139064853,8459.595552674873,37780.88533903392,13.113064955690502,9.42192650595722,7.018147918426964,411016.286447686,0.02696399812696222,5.703036787817248e-20,3.691895320686656,0.0002775261035713602,0.00012594975881468446
39.08298896009456,0.0,5.499999983827255e6,0.0,0.0,2.456016506478535e6,2.896720802620708,3017.5316660888966,11475.998668910748,5214.3264264322315,26074.19825405197,497.3236315977632,8.796245260064884,0.0,4.010752609478264e8,0.0,0.0,1.1692823061001129e6,2.903985038185381,37687.041073983746,353.271963000994,43114.71027630709,104761.33987054379,79218.22103007519,20049.228139064853,8459.595552674873,37780.88533903392,13.113064955690502,9.42192650595722,7.018147918426964,411016.286447686,0.02696399812696222,5.703036787817248e-20,3.691895320686656,0.0002775261035713602,0.00012594975881468446
39.23233013333504,0.0,5.4999999856485e6,0.0,0.0,2.4568621818447476e6,2.6882992722509305,3033.0320585649347,11390.628616046459,5201.698021757594,26082.467228818416,482.69551921754925,8.76565653268726,0.0,4.011864224164739e8,0.0,0.0,1.1698729185084999e6,2.695040839876054,37762.68587167727,355.3126476836867,42830.816984599755,103982.10281790643,78629.0155821374,20030.813581027203,8307.498276926573,36879.77205059115,13.068313635744921,9.348819417911912,6.950081949962257,410983.43436181213,0.024433066497467435,3.1381520570224886e-20,3.6644351228820367,0.00025147856407107454,0.00011624881192162735
39.23233013333504,0.0,5.4999999856485e6,0.0,0.0,2.4568621818447476e6,2.6882992722509305,3033.0320585649347,11390.628616046459,5201.698021757594,26082.467228818416,482.69551921754925,8.76565653268726,0.0,4.011864224164739e8,0.0,0.0,1.1698729185084999e6,2.695040839876054,37762.68587167727,355.3126476836867,42830.816984599755,103982.10281790643,78629.0155821374,20030.813581027203,8307.498276926573,36879.77205059115,13.068313635744921,9.348819417911912,6.950081949962257,410983.43436181213,0.024433066497467435,3.1381520570224886e-20,3.6644351228820367,0.00025147856407107454,0.00011624881192162735
39.38289480414973,0.0,5.49999998727711e6,0.0,0.0,2.4576983261341364e6,2.49334807930114,3048.6407643674866,11305.201871535293,5188.864248433181,26090.793992745115,468.3828225876051,8.734867360926698,0.0,4.012984105941352e8,0.0,0.0,1.1704568744947393e6,2.4996007591508453,37838.77406416918,357.3862142791192,42546.7155098558,103202.34174963023,78039.40910573018,20011.51347737723,8159.442977535765,35993.08119703767,13.02266039427917,9.275055833547187,6.881611421003014,410950.4120742652,0.022121825855645087,1.7183687274972585e-20,3.6369563477227693,0.00022769173405837723,0.00010723550568289146
39.38289480414973,0.0,5.49999998727711e6,0.0,0.0,2.4576983261341364e6,2.49334807930114,3048.6407643674866,11305.201871535293,5188.864248433181,26090.793992745115,468.3828225876051,8.734867360926698,0.0,4.012984105941352e8,0.0,0.0,1.1704568744947393e6,2.4996007591508453,37838.77406416918,357.3862142791192,42546.7155098558,103202.34174963023,78039.40910573018,20011.51347737723,8159.442977535765,35993.08119703767,13.02266039427917,9.275055833547187,6.881611421003014,410950.4120742652,0.022121825855645087,1.7183687274972585e-20,3.6369563477227693,0.00022769173405837723,0.00010723550568289146
39.5,0.0,5.499999988414914e6,0.0,0.0,2.4583374359450266e6,2.3515479643425143,3060.7678481748453,11239.202294272365,5178.813176061448,26097.26342322603,457.5446656840933,8.710956300816536,0.0,4.013854537523862e8,0.0,0.0,1.170903223294426e6,2.357445045738539,37897.83482520097,359.0101618126226,42327.20887846283,102599.90440828327,77583.88073901518,19996.000067823807,8047.838952974422,35318.273932347816,12.986795464413257,9.217659477318279,6.828475116455603,410924.7967252215,0.020476446762402564,1.0756817462961363e-20,3.6157263902862358,0.0002107576486720281,0.00010071819475715055
39.534547629460086,0.0,5.499999988730719e6,0.0,0.0,2.4585241309569473e6,2.3112765820346945,3064.3433397697922,11219.80520503177,5175.83656121028,26099.170840010047,454.3954026568394,8.703908351017171,0.0,4.014111229366795e8,0.0,0.0,1.171033609486374e6,2.317072673094566,37915.23916712282,359.4911136155115,42262.69423561649,102422.84910874313,77450.0012740927,19991.340367159333,8015.493255481307,35121.64071885563,12.976156869374616,9.200724357098192,6.812820356771032,410917.2512773204,0.020014837064573122,9.368464589488657e-21,3.609486931549003,0.00020600677920723414,9.887341177306495e-5
39.534547629460086,0.0,5.499999988730719e6,0.0,0.0,2.4585241309569473e6,2.3112765820346945,3064.3433397697922,11219.80520503177,5175.83656121028,26099.170840010047,454.3954026568394,8.703908351017171,0.0,4.014111229366795e8,0.0,0.0,1.171033609486374e6,2.317072673094566,37915.23916712282,359.4911136155115,42262.69423561649,102422.84910874313,77450.0012740927,19991.340367159333,8015.493255481307,35121.64071885563,12.976156869374616,9.200724357098192,6.812820356771032,410917.2512773204,0.020014837064573122,9.368464589488657e-21,3.609486931549003,0.00020600677920723414,9.887341177306495e-5
39.687472308105754,0.0,5.499999990028403e6,0.0,0.0,2.4593405378122875e6,2.1411384327002274,3080.1583810986936,11134.345388731144,5162.599109131144,26107.6076906867,440.7133753477336,8.67274498339573,0.0,4.0152469404296005e8,0.0,0.0,1.171603781018289e6,2.146507860757511,37992.17548688359,361.6302282903844,41978.44288967677,101642.7743192615,76860.14936764649,19970.264949225355,7875.407478570747,34264.42483904526,12.928757492366932,9.125757540995933,6.743648153831379,410883.91386303003,0.018093333650705874,5.0817236424151595e-21,3.5819969097354853,0.00018623061127123256,9.111061813680395e-5
39.687472308105754,0.0,5.499999990028403e6,0.0,0.0,2.4593405378122875e6,2.1411384327002274,3080.1583810986936,11134.345388731144,5162.599109131144,26107.6076906867,440.7133753477336,8.67274498339573,0.0,4.0152469404296005e8,0.0,0.0,1.171603781018289e6,2.146507860757511,37992.17548688359,361.6302282903844,41978.44288967677,101642.7743192615,76860.14936764649,19970.264949225355,7875.407478570747,34264.42483904526,12.928757492366932,9.125757540995933,6.743648153831379,410883.91386303003,0.018093333650705874,5.0817236424151595e-21,3.5819969097354853,0.00018623061127123256,9.111061813680395e-5
39.841599683956346,0.0,5.499999991185141e6,0.0,0.0,2.4601471061092624e6,1.9823320953652508,3096.078288038529,11048.871942505777,5149.157755200867,26116.100489770513,427.34032544609477,8.641394420331618,0.0,4.016390705123657e8,0.0,0.0,1.1721670813855901e6,1.987303277708788,38069.54957912451,363.8029528987005,41694.12594242145,100862.56976764288,76270.19585498329,19948.291362862223,7739.1872300674095,33421.863945053134,12.880494293292577,9.050212159141422,6.6741491852941195,410850.41708556836,0.016343323997746045,2.743243557327336e-21,3.554502233388165,0.00016821927610013375,8.391189726554855e-5
39.841599683956346,0.0,5.499999991185141e6,0.0,0.0,2.4601471061092624e6,1.9823320953652508,3096.078288038529,11048.871942505777,5149.157755200867,26116.100489770513,427.34032544609477,8.641394420331618,0.0,4.016390705123657e8,0.0,0.0,1.1721670813855901e6,1.987303277708788,38069.54957912451,363.8029528987005,41694.12594242145,100862.56976764288,76270.19585498329,19948.291362862223,7739.1872300674095,33421.863945053134,12.880494293292577,9.050212159141422,6.6741491852941195,410850.41708556836,0.016343323997746045,2.743243557327336e-21,3.554502233388165,0.00016821927610013375,8.391189726554855e-5
39.99705282505729,0.0,5.499999992215954e6,0.0,0.0,2.460944406172565e6,1.8340880949512395,3112.1153110473383,10963.32775808719,5135.5016554079675,26124.655772086004,414.26303591097104,8.609834758678677,0.0,4.017543415709696e8,0.0,0.0,1.172723908898142e6,1.8386875192230003,38147.424353234914,366.01140378410673,41409.55316836928,100081.71451566505,75679.74719095319,19925.3966042586,7606.664087826336,32593.327344097568,12.831339509600937,8.974051098550994,6.6042913385002935,410816.73643557896,0.014749665766804141,1.4730402111675103e-21,3.5269845526188806,0.00015181696885368417,7.723516560995728e-5
39.99705282505729,0.0,5.499999992215954e6,0.0,0.0,2.460944406172565e6,1.8340880949512395,3112.1153110473383,10963.32775808719,5135.5016554079675,26124.655772086004,414.26303591097104,8.609834758678677,0.0,4.017543415709696e8,0.0,0.0,1.172723908898142e6,1.8386875192230003,38147.424353234914,366.01140378410673,41409.55316836928,100081.71451566505,75679.74719095319,19925.3966042586,7606.664087826336,32593.327344097568,12.831339509600937,8.974051098550994,6.6042913385002935,410816.73643557896,0.014749665766804141,1.4730402111675103e-21,3.5269845526188806,0.00015181696885368417,7.723516560995728e-5
40.0,0.0,5.499999992234285e6,0.0,0.0,2.4609593667832073e6,1.8313873960598865,3112.4191585045037,10961.712371851188,5135.241808502692,26124.817865857465,414.0190113745461,8.609237029847785,0.0,4.0175652608432364e8,0.0,0.0,1.1727343572600493e6,1.835980047668946,38148.89918387768,366.0534380268929,41404.17919725007,100066.96907431161,75668.59730388607,19924.95553140871,7604.19770441247,32577.822637369492,12.830403129031094,8.972607668548292,6.6029693631361965,410816.09890673874,0.014721003553846191,1.4557769380670265e-21,3.526464916155767,0.00015152196911989455,7.711393039424224e-5
40.15360230957691,0.0,5.4999999931322485e6,0.0,0.0,2.461731210023805e6,1.6960002160291987,3128.245338807727,10877.849464259894,5121.651015845395,26133.260674541816,401.4977150398486,8.578115667459933,0.0,4.018703350752856e8,0.0,0.0,1.173273405946389e6,1.7002533511866589,38225.68603712952,368.2526962599917,41125.17882703919,99301.45605714008,75089.74701184109,19901.610061342566,7477.9688317469845,31780.0469866993,12.781377339271263,8.89741020168447,6.534200966020425,410782.9237543641,0.013301778696549735,7.875176450325442e-22,3.4994878372105145,0.00013691483216438124,7.105541060878241e-5
40.15360230957691,0.0,5.4999999931322485e6,0.0,0.0,2.461731210023805e6,1.6960002160291987,3128.245338807727,10877.849464259894,5121.651015845395,26133.260674541816,401.4977150398486,8.578115667459933,0.0,4.018703350752856e8,0.0,0.0,1.173273405946389e6,1.7002533511866589,38225.68603712952,368.2526962599917,41125.17882703919,99301.45605714008,75089.74701184109,19901.610061342566,7477.9688317469845,31780.0469866993,12.781377339271263,8.89741020168447,6.534200966020425,410782.9237543641,0.013301778696549735,7.875176450325442e-22,3.4994878372105145,0.00013691483216438124,7.105541060878241e-5
40.311569174668094,0.0,5.499999993947549e6,0.0,0.0,2.4625090718241697e6,1.5671978757427434,3144.5009855489106,10792.27265504168,5107.577463749533,26141.932595505365,389.01530597013965,8.546175274885238,0.0,4.019872867769473e8,0.0,0.0,1.173816657943149e6,1.5711280075440375,38304.49600634461,370.5318271492809,40840.45568105566,98520.2939814547,74499.06107251963,19876.87823586972,7352.77659640983,30980.37128875122,12.730516985450194,8.820156077200867,6.463757943959624,410748.9119337586,0.011984805413382427,4.186429114060508e-22,3.471959218789579,0.00012335998153523332,6.53274780610315e-5
40.311569174668094,0.0,5.499999993947549e6,0.0,0.0,2.4625090718241697e6,1.5671978757427434,3144.5009855489106,10792.27265504168,5107.577463749533,26141.932595505365,389.01530597013965,8.546175274885238,0.0,4.019872867769473e8,0.0,0.0,1.173816657943149e6,1.5711280075440375,38304.49600634461,370.5318271492809,40840.45568105566,98520.2939814547,74499.06107251963,19876.87823586972,7352.77659640983,30980.37128875122,12.730516985450194,8.820156077200867,6.463757943959624,410748.9119337586,0.011984805413382427,4.186429114060508e-22,3.471959218789579,0.00012335998153523332,6.53274780610315e-5
40.4706653167007,0.0,5.499999994670878e6,0.0,0.0,2.463276514218582e6,1.4473599332422158,3160.852131189418,10706.764421765558,5093.306729750235,26150.655466425767,376.83569873124173,8.514075052901878,0.0,4.021049812171404e8,0.0,0.0,1.1743526331163319e6,1.45098954210629,38383.71122355358,372.84505661697443,40555.93936148549,97739.75382361324,73908.84320394993,19851.241598827943,7231.2561745927915,30195.770773884193,12.678863100119104,8.742453656398798,6.393114527647796,410714.76527478686,0.010790176945546315,2.215467766271953e-22,3.4444524643950296,0.00011106424991649873,6.003137269363737e-5
40.4706653167007,0.0,5.499999994670878e6,0.0,0.0,2.463276514218582e6,1.4473599332422158,3160.852131189418,10706.764421765558,5093.306729750235,26150.655466425767,376.83569873124173,8.514075052901878,0.0,4.021049812171404e8,0.0,0.0,1.1743526331163319e6,1.45098954210629,38383.71122355358,372.84505661697443,40555.93936148549,97739.75382361324,73908.84320394993,19851.241598827943,7231.2561745927915,30195.770773884193,12.678863100119104,8.742453656398798,6.393114527647796,410714.76527478686,0.010790176945546315,2.215467766271953e-22,3.4444524643950296,0.00011106424991649873,6.003137269363737e-5
40.5,0.0,5.499999994794484e6,0.0,0.0,2.463416292862892e6,1.42628593815854,3163.8647430712535,10691.072248758932,5090.665054049493,26152.26260954831,374.63195980917146,8.508163938214286,0.0,4.0212667189406633e8,0.0,0.0,1.1744502533203198e6,1.4298626988280494,38398.300210271336,373.2735285584669,40503.72357816575,97596.51139545176,73800.52794264737,19846.435893121,7209.336854348345,30053.342569880602,12.669293651595881,8.72813973276448,6.380123587744523,410708.48104040604,0.010583278834795746,1.970179842455532e-22,3.4394045006770537,0.00010893473733763775,5.910347101283864e-5
40.63123035261208,0.0,5.499999995313273e6,0.0,0.0,2.4640351153774443e6,1.3357041997504753,3177.3331943370104,10621.153490745543,5078.808435454191,26159.4476483239,364.9300609415968,8.481749758191853,0.0,4.0222366741364205e8,0.0,0.0,1.1748824336465846e6,1.3390538045666978,38463.501285396705,375.19775944023763,40271.05965883502,96958.27242965145,73317.9116549992,19824.640776760847,7113.090403687291,29424.58106542875,12.626317524375212,8.664161437633602,6.322143963469527,410680.41321321775,0.009705213879635344,1.1655620519696077e-22,3.416912493163548,9.989715916766868e-5,5.512724870689352e-5
40.63123035261208,0.0,5.499999995313273e6,0.0,0.0,2.4640351153774443e6,1.3357041997504753,3177.3331943370104,10621.153490745543,5078.808435454191,26159.4476483239,364.9300609415968,8.481749758191853,0.0,4.0222366741364205e8,0.0,0.0,1.1748824336465846e6,1.3390538045666978,38463.501285396705,375.19775944023763,40271.05965883502,96958.27242965145,73317.9116549992,19824.640776760847,7113.090403687291,29424.58106542875,12.626317524375212,8.664161437633602,6.322143963469527,410680.41321321775,0.009705213879635344,1.1655620519696077e-22,3.416912493163548,9.989715916766868e-5,5.512724870689352e-5
40.79310326251502,0.0,5.499999995882541e6,0.0,0.0,2.4647840340822134e6,1.2318562625248943,3193.9271235662627,10535.538033079458,5064.097113366165,26168.30004444696,353.30800717818573,8.449235233066835,0.0,4.023432239495573e8,0.0,0.0,1.1754054720341053e6,1.2349454432511493,38543.7862899327,377.5880547144133,39986.14287958948,96176.74618637314,72726.94447193056,19797.096922109977,6998.347198140247,28667.609237440487,12.572944765952045,8.585382768106825,6.250942103364573,410645.89271476096,0.008721813041648915,6.100049415838856e-23,3.389370899565888,8.97753281989046e-5,5.059383420373533e-5
40.79310326251502,0.0,5.499999995882541e6,0.0,0.0,2.4647840340822134e6,1.2318562625248943,3193.9271235662627,10535.538033079458,5064.097113366165,26168.30004444696,353.30800717818573,8.449235233066835,0.0,4.023432239495573e8,0.0,0.0,1.1754054720341053e6,1.2349454432511493,38543.7862899327,377.5880547144133,39986.14287958948,96176.74618637314,72726.94447193056,19797.096922109977,6998.347198140247,28667.609237440487,12.572944765952045,8.585382768106825,6.250942103364573,410645.89271476096,0.008721813041648915,6.100049415838856e-23,3.389370899565888,8.97753281989046e-5,5.059383420373533e-5
40.956250583665394,0.0,5.49999999638635e6,0.0,0.0,2.465523069982044e6,1.135358576761509,3210.630000352001,10449.946726698137,5049.176039309245,26177.210564087425,341.9687886022728,8.416541518221111,0.0,4.024636238728801e8,0.0,0.0,1.1759216083555855e6,1.1382057659502307,38624.549915365504,380.01590522192095,39701.28412028902,95395.4371199935,72136.14000061389,19768.611863749262,6886.991416536892,27924.997120285836,12.518768798805283,8.506158746927628,6.179547808819596,410611.2132369351,0.00783146741659106,3.1762701116048155e-23,3.3618369223815012,8.061121608393616e-5,4.64066426822704e-5
40.956250583665394,0.0,5.49999999638635e6,0.0,0.0,2.465523069982044e6,1.135358576761509,3210.630000352001,10449.946726698137,5049.176039309245,26177.210564087425,341.9687886022728,8.416541518221111,0.0,4.024636238728801e8,0.0,0.0,1.1759216083555855e6,1.1382057659502307,38624.549915365504,380.01590522192095,39701.28412028902,95395.4371199935,72136.14000061389,19768.611863749262,6886.991416536892,27924.997120285836,12.518768798805283,8.506158746927628,6.179547808819596,410611.2132369351,0.00783146741659106,3.1762701116048155e-23,3.3618369223815012,8.061121608393616e-5,4.64066426822704e-5
41.0,0.0,5.499999996510639e6,0.0,0.0,2.4657185983520886e6,1.110792605521607,3215.1053264191323,10427.11310352177,5045.159107916699,26179.59802639775,338.99042250601366,8.407787707111638,0.0,4.02495893495027e8,0.0,0.0,1.1760581636889367e6,1.11357818953188,38646.18169896372,380.6701560443523,39625.28709395775,95187.00284636894,71978.52749306514,19760.85143534646,6857.842245041644,27729.262821881624,12.504178501224674,8.484946621859024,6.1604675961071855,410601.93283283204,0.007608570331862468,2.6663484701360914e-23,3.354491520623487,7.831697967345719e-5,4.534475369317451e-5
41.12071301001591,0.0,5.499999996831848e6,0.0,0.0,2.466252366720638e6,1.0457322048178967,3227.4454985315792,10364.369155938266,5034.041787319001,26186.181166871473,330.9063336925453,8.383663804822197,0.0,4.025848949566689e8,0.0,0.0,1.1764309429305522e6,1.0483546339682963,38705.81244894771,382.4823861543062,39416.44836417377,94614.25038253155,71545.42670922754,19739.17492075522,6778.936654552064,27196.53566573239,12.463789381715536,8.426494624619252,6.107967466031019,410576.36846293614,0.007025909693541046,1.6451932953740842e-23,3.334307223425719,7.231974601251574e-5,4.254073189528268e-5
41.12071301001591,0.0,5.499999996831848e6,0.0,0.0,2.466252366720638e6,1.0457322048178967,3227.4454985315792,10364.369155938266,5034.041787319001,26186.181166871473,330.9063336925453,8.383663804822197,0.0,4.025848949566689e8,0.0,0.0,1.1764309429305522e6,1.0483546339682963,38705.81244894771,382.4823861543062,39416.44836417377,94614.25038253155,71545.42670922754,19739.17492075522,6778.936654552064,27196.53566573239,12.463789381715536,8.426494624619252,6.107967466031019,410576.36846293614,0.007025909693541046,1.6451932953740842e-23,3.334307223425719,7.231974601251574e-5,4.254073189528268e-5
41.28651898631606,0.0,5.499999997225408e6,0.0,0.0,2.466972005735988e6,0.9625342070840239,3244.37601738293,10278.80180261802,5018.692045376852,26195.21313250451,320.11560394052145,8.350599823826125,0.0,4.027070558392267e8,0.0,0.0,1.1769335326346e6,0.9649479969159565,38787.587872504526,384.98841737907594,39131.62352405554,93833.15407316538,70954.78064586806,19708.777312717248,6674.108202920228,26482.07736284632,12.408010397070184,8.34640193152211,6.036213146520304,410541.35477609496,0.006297626121144191,8.475834121954149e-24,3.3067806824021497,6.482359464485427e-5,3.8973177196321914e-5
41.28651898631606,0.0,5.499999997225408e6,0.0,0.0,2.466972005735988e6,0.9625342070840239,3244.37601738293,10278.80180261802,5018.692045376852,26195.21313250451,320.11560394052145,8.350599823826125,0.0,4.027070558392267e8,0.0,0.0,1.1769335326346e6,0.9649479969159565,38787.587872504526,384.98841737907594,39131.62352405554,93833.15407316538,70954.78064586806,19708.777312717248,6674.108202920228,26482.07736284632,12.408010397070184,8.34640193152211,6.036213146520304,410541.35477609496,0.006297626121144191,8.475834121954149e-24,3.3067806824021497,6.482359464485427e-5,3.8973177196321914e-5
41.45405634051178,0.0,5.499999997573442e6,0.0,0.0,2.4676835736450315e6,0.8851887758088269,3261.460561351613,10193.058378691854,5003.090946956269,26204.32726856746,309.56944508520525,8.317275994943007,0.0,4.0283038952529794e8,0.0,0.0,1.1774304855473633e6,0.8874086030634458,38870.066714600514,387.5404397166532,38846.18903404152,93050.44786505778,70362.91621507877,19677.34192089509,6572.21973651748,25779.992818185136,12.3513138797798,8.265719731251101,5.9641430913110645,410506.0931309558,0.00563838739893308,4.3365090284483256e-24,3.279197381710272,5.803807100241208e-5,3.567584032641554e-5
41.45405634051178,0.0,5.499999997573442e6,0.0,0.0,2.4676835736450315e6,0.8851887758088269,3261.460561351613,10193.058378691854,5003.090946956269,26204.32726856746,309.56944508520525,8.317275994943007,0.0,4.0283038952529794e8,0.0,0.0,1.1774304855473633e6,0.8874086030634458,38870.066714600514,387.5404397166532,38846.18903404152,93050.44786505778,70362.91621507877,19677.34192089509,6572.21973651748,25779.992818185136,12.3513138797798,8.265719731251101,5.9641430913110645,410506.0931309558,0.00563838739893308,4.3365090284483256e-24,3.279197381710272,5.803807100241208e-5,3.567584032641554e-5
41.5,0.0,5.49999999766101e6,0.0,0.0,2.4678760139167695e6,0.8650861510101532,3266.1416501252525,10169.670220937349,4998.797018173593,26206.824501522962,306.73855267441905,8.308152811259301,0.0,4.028641931948419e8,0.0,0.0,1.177564884179395e6,0.8672555660186647,38892.65884053821,388.24376607346767,38768.32716943166,92836.94935101514,70201.47339424257,19668.596769515574,6544.967352245576,25590.87609641189,12.335710095411311,8.243640261894111,5.944457372411841,410496.4439659123,0.00546998178906195,3.6085102541629974e-24,3.271673489903269,5.6304670294295907e-5,3.482201233026173e-5
41.62273006192613,0.0,5.499999997879748e6,0.0,0.0,2.4683844820932182e6,0.8135961132944883,3278.6378963637876,10107.455834102931,4987.294181593439,26213.49090815491,299.30259849026527,8.283814295021031,0.0,4.029544554306887e8,0.0,0.0,1.1779199939842666e6,0.8156364044458225,38952.95547429488,390.1299447762443,38561.19955723471,92269.0252116075,69772.0215171507,19644.97608360212,6473.584122199965,25092.769240059013,12.293914713473075,8.184760728295101,5.892038571027638,410470.71140166686,0.005044373412139322,2.2086351983275388e-24,3.2516592925355057,5.192386562758379e-5,3.2641256504239806e-5
41.62273006192613,0.0,5.499999997879748e6,0.0,0.0,2.4683844820932182e6,0.8135961132944883,3278.6378963637876,10107.455834102931,4987.294181593439,26213.49090815491,299.30259849026527,8.283814295021031,0.0,4.029544554306887e8,0.0,0.0,1.1779199939842666e6,0.8156364044458225,38952.95547429488,390.1299447762443,38561.19955723471,92269.0252116075,69772.0215171507,19644.97608360212,6473.584122199965,25092.769240059013,12.293914713473075,8.184760728295101,5.892038571027638,410470.71140166686,0.005044373412139322,2.2086351983275388e-24,3.2516592925355057,5.192386562758379e-5,3.2641256504239806e-5
41.792890930948815,0.0,5.499999998149592e6,0.0,0.0,2.46907616765017e6,0.7472379184681673,3295.9432337919106,10021.826904267415,4971.269451292206,26222.722835379307,289.29010743710296,8.250148595816981,0.0,4.030795092132435e8,0.0,0.0,1.1784030612331892e6,0.7491118002235982,39036.4261728877,392.7628418793842,38276.0978315285,91487.35941841039,69180.9422246718,19611.610126527932,6377.938373715999,24418.917572292983,12.235708125647717,8.103382310709192,5.819773965735666,410435.1383961517,0.0045085124831754225,1.1182123469381236e-24,3.2241126156094455,4.640819904042764e-5,2.9844460649245244e-5
41.792890930948815,0.0,5.499999998149592e6,0.0,0.0,2.46907616765017e6,0.7472379184681673,3295.9432337919106,10021.826904267415,4971.269451292206,26222.722835379307,289.29010743710296,8.250148595816981,0.0,4.030795092132435e8,0.0,0.0,1.1784030612331892e6,0.7491118002235982,39036.4261728877,392.7628418793842,38276.0978315285,91487.35941841039,69180.9422246718,19611.610126527932,6377.938373715999,24418.917572292983,12.235708125647717,8.103382310709192,5.819773965735666,410435.1383961517,0.0045085124831754225,1.1182123469381236e-24,3.2241126156094455,4.640819904042764e-5,2.9844460649245244e-5
41.96454866460414,0.0,5.499999998387026e6,0.0,0.0,2.469758605801169e6,0.6857785527531238,3313.376972919222,9936.179669188992,4955.01618571645,26232.02326307403,279.52878383747304,8.216280744228216,0.0,4.032055553059191e8,0.0,0.0,1.1788796701732625e6,0.6874983101242491,39120.482638472706,395.4398835011602,37990.91026852379,90705.52440587626,68589.73434483146,19577.237874355815,6285.231414992728,23758.39115484459,12.176704764233406,8.02160664155361,5.747370946224814,410399.37486090395,0.004025596781399474,5.627613428535724e-25,3.196559958527811,4.143747470370918e-5,2.7268606668453084e-5
41.96454866460414,0.0,5.499999998387026e6,0.0,0.0,2.469758605801169e6,0.6857785527531238,3313.376972919222,9936.179669188992,4955.01618571645,26232.02326307403,279.52878383747304,8.216280744228216,0.0,4.032055553059191e8,0.0,0.0,1.1788796701732625e6,0.6874983101242491,39120.482638472706,395.4398835011602,37990.91026852379,90705.52440587626,68589.73434483146,19577.237874355815,6285.231414992728,23758.39115484459,12.176704764233406,8.02160664155361,5.747370946224814,410399.37486090395,0.004025596781399474,5.627613428535724e-25,3.196559958527811,4.143747470370918e-5,2.7268606668453084e-5
42.0,0.0,5.499999998432129e6,0.0,0.0,2.4698976578474166e6,0.6737297718309373,3316.974468653546,9918.58290336939,4951.648794186597,26233.94242981156,277.554237692055,8.20929812452623,0.0,4.032315732953853e8,0.0,0.0,1.1789767829274074e6,0.6754193139383732,39137.823941720744,395.99538679427764,37932.31355392934,90544.89121222592,68468.26669261506,19570.05134482895,6266.545106017198,23624.338809844005,12.1644855378512,8.00475961869249,5.732481420912065,410392.0041328092,0.003932499729597084,4.8835875728892755e-25,3.190899080365445,4.047920950266152e-5,2.6765328010022642e-5
42.13791439956037,0.0,5.499999998595913e6,0.0,0.0,2.4704325495545026e6,0.6288368849937555,3330.959917956328,9850.423065294945,4938.51465443017,26241.403289564663,270.0045060482802,8.182173065349934,0.0,4.0333274580572814e8,0.0,0.0,1.1793503466990038e6,0.6304138472126262,39205.22693840443,398.1650192459474,37705.333094626454,89922.68904429725,67997.76949173231,19541.81182561419,6195.310252938323,23110.394574350612,12.11684591227299,7.939360787309427,5.674767247235276,410363.37982992374,0.0035903575135157587,2.8129183689504975e-25,3.16897203372344,3.695746715308691e-5,2.4895262340640766e-5
42.13791439956037,0.0,5.499999998595913e6,0.0,0.0,2.4704325495545026e6,0.6288368849937555,3330.959917956328,9850.423065294945,4938.51465443017,26241.403289564663,270.0045060482802,8.182173065349934,0.0,4.0333274580572814e8,0.0,0.0,1.1793503466990038e6,0.6304138472126262,39205.22693840443,398.1650192459474,37705.333094626454,89922.68904429725,67997.76949173231,19541.81182561419,6195.310252938323,23110.394574350612,12.11684591227299,7.939360787309427,5.674767247235276,410363.37982992374,0.0035903575135157587,2.8129183689504975e-25,3.16897203372344,3.695746715308691e-5,2.4895262340640766e-5
42.3127387790462,0.0,5.499999998779174e6,0.0,0.0,2.471096955377476e6,0.5762028155174145,3348.666143627233,9764.694366217596,4921.788967184951,26250.84908427065,260.7285997590754,8.147878597463473,0.0,4.034608948471538e8,0.0,0.0,1.1798143620161463e6,0.5776477849397901,39290.535815866555,400.93499384702585,37419.82288905872,89140.10658645278,67405.99543814023,19505.37837036814,6108.263454209734,22475.858871718316,12.056232032502585,7.856790781852285,5.602093923691793,410327.20806612395,0.003199094154517836,1.3978355323205904e-25,3.1413930091743487,3.293009221119564e-5,2.271340621534715e-5
42.3127387790462,0.0,5.499999998779174e6,0.0,0.0,2.471096955377476e6,0.5762028155174145,3348.666143627233,9764.694366217596,4921.788967184951,26250.84908427065,260.7285997590754,8.147878597463473,0.0,4.034608948471538e8,0.0,0.0,1.1798143620161463e6,0.5776477849397901,39290.535815866555,400.93499384702585,37419.82288905872,89140.10658645278,67405.99543814023,19505.37837036814,6108.263454209734,22475.858871718316,12.056232032502585,7.856790781852285,5.602093923691793,410327.20806612395,0.003199094154517836,1.3978355323205904e-25,3.1413930091743487,3.293009221119564e-5,2.271340621534715e-5
42.48902744722969,0.0,5.499999998939758e6,0.0,0.0,2.4717518092027637e6,0.5275878411011083,3366.4956339846894,9679.003051105445,4904.8392214556025,26260.360638547714,251.6975738159928,8.113400029973697,0.0,4.035900038560775e8,0.0,0.0,1.1802717063001909e6,0.5289108965903873,39376.41087389624,403.75052972905536,37134.410709812204,88357.86369942185,66814.47779874573,19467.9336705913,6024.0394610927215,21854.711969648964,11.994876442518688,7.773921075580988,5.529374085641815,410290.8611355422,0.002847715722465312,6.905757004129046e-26,3.1138259409880686,2.931324565106145e-5,2.0708974720623546e-5
42.48902744722969,0.0,5.499999998939758e6,0.0,0.0,2.4717518092027637e6,0.5275878411011083,3366.4956339846894,9679.003051105445,4904.8392214556025,26260.360638547714,251.6975738159928,8.113400029973697,0.0,4.035900038560775e8,0.0,0.0,1.1802717063001909e6,0.5289108965903873,39376.41087389624,403.75052972905536,37134.410709812204,88357.86369942185,66814.47779874573,19467.9336705913,6024.0394610927215,21854.711969648964,11.994876442518688,7.773921075580988,5.529374085641815,410290.8611355422,0.002847715722465312,6.905757004129046e-26,3.1138259409880686,2.931324565106145e-5,2.0708974720623546e-5
42.5,0.0,5.499999998949024e6,0.0,0.0,2.47179207459736e6,0.524701273880452,3367.6045460533333,9673.694381657413,4903.781511730911,26260.952213391047,251.14591732689138,8.111257468218673,0.0,4.0359803609278405e8,0.0,0.0,1.1802998273057532e6,0.5260170905967552,39381.75103749042,403.9265184411626,37116.728233902904,88309.40285559764,66777.83259238623,19465.57994452357,6018.911997078311,21816.65956627522,11.99105026445617,7.7687765049698765,5.524866779257885,410288.6030635305,0.002827167387321969,6.609217073399173e-26,3.1121181291977353,2.910173476792443e-5,2.0590300105850484e-5
42.66686806110647,0.0,5.499999999080363e6,0.0,0.0,2.4723973955290103e6,0.4826998674005529,3384.4566434269486,9593.319241605906,4887.657640667435,26269.942355770992,242.9038924378835,8.078724117905518,0.0,4.037201342093081e8,0.0,0.0,1.1807225782425462e6,0.4839103553221578,39462.89344820962,406.61369182146586,36848.99649737295,87575.68776128111,66223.01049125748,19429.456291012164,5942.550339625901,21246.598139693684,11.932764055618787,7.690737974371965,5.456597382915573,410254.3238064069,0.002532336430394022,3.390552734479202e-26,3.086261223337923,2.6066934431665146e-5,1.886800611236305e-5
42.66686806110647,0.0,5.499999999080363e6,0.0,0.0,2.4723973955290103e6,0.4826998674005529,3384.4566434269486,9593.319241605906,4887.657640667435,26269.942355770992,242.9038924378835,8.078724117905518,0.0,4.037201342093081e8,0.0,0.0,1.1807225782425462e6,0.4839103553221578,39462.89344820962,406.61369182146586,36848.99649737295,87575.68776128111,66223.01049125748,19429.456291012164,5942.550339625901,21246.598139693684,11.932764055618787,7.690737974371965,5.456597382915573,410254.3238064069,0.002532336430394022,3.390552734479202e-26,3.086261223337923,2.6066934431665146e-5,1.886800611236305e-5
42.846343710103326,0.0,5.499999999203363e6,0.0,0.0,2.473033959939807e6,0.4412701369989036,3402.556911919452,9507.616613796788,4870.236814690559,26279.598364891797,234.34073878188113,8.043838735286462,0.0,4.0385134369747263e8,0.0,0.0,1.1811671493566819e6,0.44237672974333225,39550.02227480962,409.52653064810727,36563.49197189286,86793.33858663702,65631.41195265982,19389.92485125751,5863.71670094558,20651.202504337154,11.869881315564832,7.607230823146932,5.38375637418237,410217.5820428425,0.0022494560659437795,1.653824294990169e-26,3.058690393297518,2.315513353171157e-5,1.717773533193273e-5
42.846343710103326,0.0,5.499999999203363e6,0.0,0.0,2.473033959939807e6,0.4412701369989036,3402.556911919452,9507.616613796788,4870.236814690559,26279.598364891797,234.34073878188113,8.043838735286462,0.0,4.0385134369747263e8,0.0,0.0,1.1811671493566819e6,0.44237672974333225,39550.02227480962,409.52653064810727,36563.49197189286,86793.33858663702,65631.41195265982,19389.92485125751,5863.71670094558,20651.202504337154,11.869881315564832,7.607230823146932,5.38375637418237,410217.5820428425,0.0022494560659437795,1.653824294990169e-26,3.058690393297518,2.315513353171157e-5,1.717773533193273e-5
43.0,0.0,5.49999999929551e6,0.0,0.0,2.473567270895809e6,0.40863776297667065,3418.032653332669,9434.851726169303,4855.259414848098,26287.8542596573,227.24969847665497,8.01406010737692,0.0,4.039635838774318e8,0.0,0.0,1.1815396091453051e6,0.4096625220657061,39624.499598785325,412.0390460538896,36321.06530065312,86129.09243787367,65129.120680092215,19355.533169303333,5798.842694434293,20155.678830850684,11.81590156919691,7.536101104297827,5.321884687277884,410186.2305430322,0.002032517733130565,8.944602646338089e-27,3.035281636670458,2.092209178177849e-5,1.5852733825982876e-5
43.027346261443384,0.0,5.499999999310755e6,0.0,0.0,2.4736610727852015e6,0.40308843025729896,3420.7848838515283,9421.960228926617,4852.587960418959,26289.322501197465,226.0103797656316,8.008768975676263,0.0,4.0398355026246345e8,0.0,0.0,1.1816051195787634e6,0.4040992730379129,39637.74313150969,412.4880146257787,36278.11327394448,86011.41020580116,65040.13143163656,19349.360346646292,5787.543734005658,20068.83870148603,11.806281965718979,7.523478137818693,5.310921278083252,410180.6609961177,0.001996162833829283,8.017809446304121e-27,3.031134386436812,2.054787404169036e-5,1.5627989599553722e-5
43.027346261443384,0.0,5.499999999310755e6,0.0,0.0,2.4736610727852015e6,0.40308843025729896,3420.7848838515283,9421.960228926617,4852.587960418959,26289.322501197465,226.0103797656316,8.008768975676263,0.0,4.0398355026246345e8,0.0,0.0,1.1816051195787634e6,0.4040992730379129,39637.74313150969,412.4880146257787,36278.11327394448,86011.41020580116,65040.13143163656,19349.360346646292,5787.543734005658,20068.83870148603,11.806281965718979,7.523478137818693,5.310921278083252,410180.6609961177,0.001996162833829283,8.017809446304121e-27,3.031134386436812,2.054787404169036e-5,1.5627989599553722e-5
43.21008881493577,0.0,5.499999999404499e6,0.0,0.0,2.4742794203728284e6,0.36789026142496234,3439.1613420533104,9336.263215014376,4834.6910411004,26299.125851679026,217.9002565128828,7.973477748000555,0.0,4.0411690642295694e8,0.0,0.0,1.182036968220145e6,0.36881283619244504,39726.15735129582,415.50239066950206,35992.57033758033,85229.10969475762,64448.56937968209,19307.712043767548,5713.901980401617,19498.780992211574,11.741907191201008,7.439410009137061,5.238033113136076,410143.52033631457,0.001769357823782817,3.860107505227806e-27,3.0035652603959866,1.8213260389408034e-5,1.4206580442240903e-5
43.21008881493577,0.0,5.499999999404499e6,0.0,0.0,2.4742794203728284e6,0.36789026142496234,3439.1613420533104,9336.263215014376,4834.6910411004,26299.125851679026,217.9002565128828,7.973477748000555,0.0,4.0411690642295694e8,0.0,0.0,1.182036968220145e6,0.36881283619244504,39726.15735129582,415.50239066950206,35992.57033758033,85229.10969475762,64448.56937968209,19307.712043767548,5713.901980401617,19498.780992211574,11.741907191201008,7.439410009137061,5.238033113136076,410143.52033631457,0.001769357823782817,3.860107505227806e-27,3.0035652603959866,1.8213260389408034e-5,1.4206580442240903e-5
43.39409186074308,0.0,5.499999999486012e6,0.0,0.0,2.474887366675672e6,0.33555409089625704,3457.6374445449055,9250.762574735585,4816.594013593372,26308.982360355614,210.0281522526072,7.93806161620597,0.0,4.0425105936986715e8,0.0,0.0,1.1824615526936182e6,0.33639557481101845,39815.03123559429,418.56247144513804,35707.652271528736,84448.60067187766,63858.36192823568,19265.088187001274,5642.9377968792205,18942.436787419676,11.676942612548958,7.355274649586891,5.165308309536185,410106.26036743284,0.0015670183273081004,1.8490700756512476e-27,2.9760592644697037,1.6130474346913883e-5,1.2907259668789138e-5
43.39409186074308,0.0,5.499999999486012e6,0.0,0.0,2.474887366675672e6,0.33555409089625704,3457.6374445449055,9250.762574735585,4816.594013593372,26308.982360355614,210.0281522526072,7.93806161620597,0.0,4.0425105936986715e8,0.0,0.0,1.1824615526936182e6,0.33639557481101845,39815.03123559429,418.56247144513804,35707.652271528736,84448.60067187766,63858.36192823568,19265.088187001274,5642.9377968792205,18942.436787419676,11.676942612548958,7.355274649586891,5.165308309536185,410106.26036743284,0.0015670183273081004,1.8490700756512476e-27,2.9760592644697037,1.6130474346913883e-5,1.2907259668789138e-5
43.5,0.0,5.499999999527767e6,0.0,0.0,2.4752307495881934e6,0.31824740979877025,3468.2595663703273,9201.905758407967,4806.144014529114,26314.648979738962,205.6267395894057,7.917731199943392,0.0,4.043282189340035e8,0.0,0.0,1.182701368368836e6,0.31904549297977053,39866.11750546133,420.33517027586583,35544.83078477426,84002.60135757133,63521.10491727638,19240.2479077369,5603.4936588513,18630.04209611908,11.639491989549478,7.3070871969041455,5.123755903910601,410084.8764239492,0.0014612252369687738,1.2105203324792916e-27,2.9603417569752692,1.5041487789658995e-5,1.2214552702801026e-5
43.579988286883356,0.0,5.499999999557039e6,0.0,0.0,2.4754869775769613e6,0.30577054113000335,3476.2760801279333,9165.177210439435,4798.2356208496,26318.925576649963,202.363757089788,7.902402892420719,0.0,4.0438646746629983e8,0.0,0.0,1.1828803157942765e6,0.3065373355126364,39904.66849746201,421.6795519097766,35422.42172590066,83667.31717272056,63267.56877446618,19221.34071810112,5574.364057046512,18397.816385235903,11.611181611075418,7.270810941858158,5.092522555613038,410068.7559572407,0.001386084710859407,8.790593587437497e-28,2.948525972136021,1.4268023632138218e-5,1.1716381121702714e-5
43.579988286883356,0.0,5.499999999557039e6,0.0,0.0,2.4754869775769613e6,0.30577054113000335,3476.2760801279333,9165.177210439435,4798.2356208496,26318.925576649963,202.363757089788,7.902402892420719,0.0,4.0438646746629983e8,0.0,0.0,1.1828803157942765e6,0.3065373355126364,39904.66849746201,421.6795519097766,35422.42172590066,83667.31717272056,63267.56877446618,19221.34071810112,5574.364057046512,18397.816385235903,11.611181611075418,7.270810941858158,5.092522555613038,410068.7559572407,0.001386084710859407,8.790593587437497e-28,2.948525972136021,1.4268023632138218e-5,1.1716381121702714e-5
43.7678309450641,0.0,5.499999999618844e6,0.0,0.0,2.476078324843718e6,0.27835955072935636,3495.0817295504817,9079.500043780852,4779.611312388395,26328.957890853762,194.90313331174758,7.866496266221998,0.0,4.0452316542707145e8,0.0,0.0,1.1832933076435917e6,0.2790576053524823,39995.09173117268,424.8554471447063,35136.854295617304,82885.19465922944,62676.14114579187,19176.45243815685,5508.135096186272,17864.774741979476,11.544621972013818,7.186026172079833,5.019684643954379,410031.00024691573,0.0012244684891675487,4.1466948965702885e-28,2.9209631097603532,1.2604412080653409e-5,1.0625669881261561e-5
43.7678309450641,0.0,5.499999999618844e6,0.0,0.0,2.476078324843718e6,0.27835955072935636,3495.0817295504817,9079.500043780852,4779.611312388395,26328.957890853762,194.90313331174758,7.866496266221998,0.0,4.0452316542707145e8,0.0,0.0,1.1832933076435917e6,0.2790576053524823,39995.09173117268,424.8554471447063,35136.854295617304,82885.19465922944,62676.14114579187,19176.45243815685,5508.135096186272,17864.774741979476,11.544621972013818,7.186026172079833,5.019684643954379,410031.00024691573,0.0012244684891675487,4.1466948965702885e-28,2.9209631097603532,1.2604412080653409e-5,1.0625669881261561e-5
43.95736909001918,0.0,5.499999999672471e6,0.0,0.0,2.4766605514582875e6,0.2531911035277528,3514.0285099848993,8993.861288282525,4760.7468410842885,26339.065495103572,187.65388178757595,7.830394330459329,0.0,4.046609671668371e8,0.0,0.0,1.183699929707798e6,0.25382604211667065,40086.1775070352,428.0868251644952,34851.383210113585,82103.42188841806,62084.9779856108,19130.480113336358,5444.307578963432,17343.99396960037,11.477369622402898,7.101064033595679,4.946920052522749,409993.0472282108,0.0010804868080526375,1.9428559438774848e-28,2.8934125711183056,1.11223186102933e-5,9.628961905462004e-6
43.95736909001918,0.0,5.499999999672471e6,0.0,0.0,2.4766605514582875e6,0.2531911035277528,3514.0285099848993,8993.861288282525,4760.7468410842885,26339.065495103572,187.65388178757595,7.830394330459329,0.0,4.046609671668371e8,0.0,0.0,1.183699929707798e6,0.25382604211667065,40086.1775070352,428.0868251644952,34851.383210113585,82103.42188841806,62084.9779856108,19130.480113336358,5444.307578963432,17343.99396960037,11.477369622402898,7.101064033595679,4.946920052522749,409993.0472282108,0.0010804868080526375,1.9428559438774848e-28,2.8934125711183056,1.11223186102933e-5,9.628961905462004e-6
44.0,0.0,5.499999999683453e6,0.0,0.0,2.476789541346849e6,0.24785133196172837,3518.2860642572955,8974.710963491189,4756.49418430394,26341.33678730162,186.06088017856348,7.822292203221573,0.0,4.046919435414693e8,0.0,0.0,1.1837900151374848e6,0.24847287976804744,40106.643424711554,428.81735231005223,34787.54246617968,81928.60369621111,61952.78346933439,19120.04779356207,5430.35445934136,17229.168394613633,11.46223253785976,7.082037079992335,4.930655671885618,409984.53063546855,0.0010505095027465408,1.6382611201476966e-28,2.8872517841706973,1.0813742880435876e-5,9.418115263553903e-6
44.148458839515605,0.0,5.499999999718902e6,0.0,0.0,2.4772332000555075e6,0.23011971620770147,3533.101343287911,8908.339121734878,4741.657741507909,26349.240345552473,180.61816593505574,7.794128772582852,0.0,4.047997648461246e8,0.0,0.0,1.184099862566997e6,0.23069679765272574,40177.85435636115,431.3720752573998,34566.2683755751,81322.71259655793,61494.61903080464,19083.458098963914,5382.888559317632,16835.776563230265,11.409493305980705,7.01601769876031,4.8743097802536965,409954.92886508326,0.0009524596387535732,9.046564944087515e-29,2.8658995096442768,9.804450956827915e-6,8.719579342135154e-6
44.148458839515605,0.0,5.499999999718902e6,0.0,0.0,2.4772332000555075e6,0.23011971620770147,3533.101343287911,8908.339121734878,4741.657741507909,26349.240345552473,180.61816593505574,7.794128772582852,0.0,4.047997648461246e8,0.0,0.0,1.184099862566997e6,0.23069679765272574,40177.85435636115,431.3720752573998,34566.2683755751,81322.71259655793,61494.61903080464,19083.458098963914,5382.888559317632,16835.776563230265,11.409493305980705,7.01601769876031,4.8743097802536965,409954.92886508326,0.0009524596387535732,9.046564944087515e-29,2.8658995096442768,9.804450956827915e-6,8.719579342135154e-6
44.34114668062878,0.0,5.4999999997590585e6,0.0,0.0,2.47779641166287e6,0.2089835954473275,3552.304192338703,8822.92513609996,4722.340725691266,26359.484556239142,173.7906521254291,7.757694962769424,0.0,4.0493958907844e8,0.0,0.0,1.1844932047135774e6,0.20950767290246508,40270.14230034839,434.71283537608474,34281.48107981032,80542.99009710804,60905.006310414734,19035.375378444154,5323.8195740646515,16339.88487473275,11.340994490727576,6.930894580142927,4.801861067571771,409916.63893122727,0.0008387173469829713,4.1855317504043093e-29,2.838421223313093,8.633623605279918e-6,7.890310546146745e-6
44.34114668062878,0.0,5.4999999997590585e6,0.0,0.0,2.47779641166287e6,0.2089835954473275,3552.304192338703,8822.92513609996,4722.340725691266,26359.484556239142,173.7906521254291,7.757694962769424,0.0,4.0493958907844e8,0.0,0.0,1.1844932047135774e6,0.20950767290246508,40270.14230034839,434.71283537608474,34281.48107981032,80542.99009710804,60905.006310414734,19035.375378444154,5323.8195740646515,16339.88487473275,11.340994490727576,6.930894580142927,4.801861067571771,409916.63893122727,0.0008387173469829713,4.1855317504043093e-29,2.838421223313093,8.633623605279918e-6,7.890310546146745e-6
44.5,0.0,5.499999999787812e6,0.0,0.0,2.478250234386065e6,0.19302681141709419,3568.112927980797,8753.125403747905,4706.366252819318,26367.918097617025,168.35649294807772,7.727761241638951,0.0,4.050547599731091e8,0.0,0.0,1.1848101506034967e6,0.1935108733353718,40346.10871004665,437.4882700049332,34048.72966654046,79905.80561144711,60423.178419759315,18995.243649936503,5277.20569029885,15943.215646683986,11.284495770153988,6.861206181256234,4.74271833504713,409885.18318943033,0.0007552362137203076,2.2171453269341602e-29,2.8159661347066756,7.774292991315041e-6,7.266834021468733e-6
44.535958289679435,0.0,5.499999999793829e6,0.0,0.0,2.478351668089907e6,0.1895873662079152,3571.688631634343,8737.402225529877,4702.744244336346,26369.825640744286,167.15018235722786,7.72099831776767,0.0,4.0508081754521745e8,0.0,0.0,1.1848809910305818e6,0.1900628028765006,40363.290064024084,438.1192025367959,33996.29660568324,79762.2725464827,60314.64120352757,18986.09872329207,5266.908520830879,15854.916371129142,11.271704332054153,6.84549331902935,4.729404336981654,409878.0766772162,0.0007375236053698655,1.9201193019720843e-29,2.8109078701742165,7.591964290738242e-6,7.132749573989372e-6
44.535958289679435,0.0,5.499999999793829e6,0.0,0.0,2.478351668089907e6,0.1895873662079152,3571.688631634343,8737.402225529877,4702.744244336346,26369.825640744286,167.15018235722786,7.72099831776767,0.0,4.0508081754521745e8,0.0,0.0,1.1848809910305818e6,0.1900628028765006,40363.290064024084,438.1192025367959,33996.29660568324,79762.2725464827,60314.64120352757,18986.09872329207,5266.908520830879,15854.916371129142,11.271704332054153,6.84549331902935,4.729404336981654,409878.0766772162,0.0007375236053698655,1.9201193019720843e-29,2.8109078701742165,7.591964290738242e-6,7.132749573989372e-6
44.73222288246348,0.0,5.499999999823787e6,0.0,0.0,2.4788970254097823e6,0.17186643892412168,3591.1871310780357,8652.07969973738,4682.937095767332,26380.227573510336,160.71670300286792,7.684169868937654,0.0,4.0522296031148565e8,0.0,0.0,1.185261863896213e6,0.17229743603536435,40456.97397234402,441.5804186112821,33711.74555782069,78983.38361368253,59725.65893195732,18935.79699341193,5212.317116609084,15382.463739994406,11.20187976184319,6.7601380225519545,4.657215987089234,409839.37843352626,0.0006479175585155154,8.757531230704949e-30,2.783458959808743,6.669583045358046e-6,6.4436992785238526e-6
44.73222288246348,0.0,5.499999999823787e6,0.0,0.0,2.4788970254097823e6,0.17186643892412168,3591.1871310780357,8652.07969973738,4682.937095767332,26380.227573510336,160.71670300286792,7.684169868937654,0.0,4.0522296031148565e8,0.0,0.0,1.185261863896213e6,0.17229743603536435,40456.97397234402,441.5804186112821,33711.74555782069,78983.38361368253,59725.65893195732,18935.79699341193,5212.317116609084,15382.463739994406,11.20187976184319,6.7601380225519545,4.657215987089234,409839.37843352626,0.0006479175585155154,8.757531230704949e-30,2.783458959808743,6.669583045358046e-6,6.4436992785238526e-6
44.930256001694076,0.0,5.499999999849605e6,0.0,0.0,2.47943337326055e6,0.15566419604895246,3610.8303326211035,8566.832779208555,4662.889031577142,26390.70670116923,154.47616884613046,7.647154710965457,0.0,4.053662426069918e8,0.0,0.0,1.185636444626043e6,0.156054562075275,40551.34206164348,445.1029592413383,33427.41105893334,78205.18427111156,59137.198192291646,18884.390793095496,5159.915806373773,14921.637556997639,11.131427173276029,6.674719537871812,4.585204362657074,409800.48512932274,0.0005685342769572308,3.966093341081901e-30,2.756034351911263,5.852430327115276e-6,5.8164503836263845e-6
44.930256001694076,0.0,5.499999999849605e6,0.0,0.0,2.47943337326055e6,0.15566419604895246,3610.8303326211035,8566.832779208555,4662.889031577142,26390.70670116923,154.47616884613046,7.647154710965457,0.0,4.053662426069918e8,0.0,0.0,1.185636444626043e6,0.156054562075275,40551.34206164348,445.1029592413383,33427.41105893334,78205.18427111156,59137.198192291646,18884.390793095496,5159.915806373773,14921.637556997639,11.131427173276029,6.674719537871812,4.585204362657074,409800.48512932274,0.0005685342769572308,3.966093341081901e-30,2.756034351911263,5.852430327115276e-6,5.8164503836263845e-6
45.0,0.0,5.499999999857767e6,0.0,0.0,2.479619002307097e6,0.15032943188540185,3617.7409393810713,8537.010633616215,4655.814093486541,26394.393326838854,152.3365379982786,7.634153439457659,0.0,4.054166704965272e8,0.0,0.0,1.185766086356934e6,0.15070641968641146,40584.53891479728,446.3507827185158,33327.933029413645,77932.94469810987,58931.33540537561,18866.133920751585,5142.082549509709,14763.04403248165,11.106618688053368,6.644807368893192,4.560041617200716,409786.8241844387,0.0005429572383907601,3.0005799072540865e-30,2.7464403276043434,5.589145933452164e-6,5.610528118437257e-6
45.13069261425744,0.0,5.499999999871887e6,0.0,0.0,2.47996235125474e6,0.14082004397757147,3630.680284103101,8481.406447642657,4642.537023613734,26401.29612456773,148.40657260431965,7.6098395307238045,0.0,4.055111195002525e8,0.0,0.0,1.1860058783113726e6,0.14117318466367249,40646.693105959035,448.6992689983543,33142.44151248954,77425.34658106022,58547.49864651797,18831.712621253355,5109.513815454411,14470.935157354768,11.060139628264325,6.588997051646881,4.513168632292254,409761.2763202672,0.0004980863426250467,1.778971013172861e-30,2.728552007617979,5.127254325106125e-6,5.244244541627844e-6
45.13069261425744,0.0,5.499999999871887e6,0.0,0.0,2.47996235125474e6,0.14082004397757147,3630.680284103101,8481.406447642657,4642.537023613734,26401.29612456773,148.40657260431965,7.6098395307238045,0.0,4.055111195002525e8,0.0,0.0,1.1860058783113726e6,0.14117318466367249,40646.693105959035,448.6992689983543,33142.44151248954,77425.34658106022,58547.49864651797,18831.712621253355,5109.513815454411,14470.935157354768,11.060139628264325,6.588997051646881,4.513168632292254,409761.2763202672,0.0004980863426250467,1.778971013172861e-30,2.728552007617979,5.127254325106125e-6,5.244244541627844e-6
45.33269737674786,0.0,5.4999999998910045e6,0.0,0.0,2.4804817032185644e6,0.12729158633092574,3650.6533641085903,8396.173600185659,4621.967348451938,26411.951233866872,142.53072831865148,7.572385015492869,0.0,4.0565698303496987e8,0.0,0.0,1.1863685892598168e6,0.1276108011022189,40742.62608824196,452.3554871689219,32858.07987046958,76647.27466357047,57959.13443607382,18777.980886318288,5061.294068520226,14032.17609371495,10.988333479879154,6.5033597186461,4.441437510386822,409721.91945262096,0.0004359163196488721,7.929588616499209e-31,2.7011318920870715,4.487288015323816e-6,4.724954254484065e-6
45.33269737674786,0.0,5.4999999998910045e6,0.0,0.0,2.4804817032185644e6,0.12729158633092574,3650.6533641085903,8396.173600185659,4621.967348451938,26411.951233866872,142.53072831865148,7.572385015492869,0.0,4.0565698303496987e8,0.0,0.0,1.1863685892598168e6,0.1276108011022189,40742.62608824196,452.3554871689219,32858.07987046958,76647.27466357047,57959.13443607382,18777.980886318288,5061.294068520226,14032.17609371495,10.988333479879154,6.5033597186461,4.441437510386822,409721.91945262096,0.0004359163196488721,7.929588616499209e-31,2.7011318920870715,4.487288015323816e-6,4.724954254484065e-6
45.5,0.0,5.499999999904659e6,0.0,0.0,2.4809016301908107e6,0.11707667927103044,3667.170880325203,8326.23161598088,4604.88921128068,26420.7628914395,137.84080039232865,7.541481221738762,0.0,4.0577767737366503e8,0.0,0.0,1.186661862648559e6,0.11737027766566513,40821.95499648671,455.40790312369097,32624.704292134553,76008.78932917966,57476.32319825105,18733.005089182672,5023.243275725135,13680.178330171264,10.928905472688221,6.43301496492832,4.38269057429238,409689.44380854606,0.0003903448449177737,4.060843313699853e-31,2.6786309630796143,4.018183120903003e-6,4.334337014451166e-6
45.536662599737475,0.0,5.499999999907414e6,0.0,0.0,2.4809924390804945e6,0.11495006292802398,3670.7875676083113,8310.982566474033,4601.141819820907,26422.692298352,136.8338436765212,7.534723115184091,0.0,4.0580411277705276e8,0.0,0.0,1.1867252827967412e6,0.11523832831229147,40839.324162154015,456.07976100727535,32573.819254245274,75869.58399628795,57371.0586133981,18723.092783927772,5015.126962990308,13604.388811625586,10.915888694792987,6.417670510482371,4.369896993138586,409682.34161804325,0.00038101290667663467,3.5069273849145984e-31,2.673725213370464,3.922121665558403e-6,4.253183454190232e-6
45.536662599737475,0.0,5.499999999907414e6,0.0,0.0,2.4809924390804945e6,0.11495006292802398,3670.7875676083113,8310.982566474033,4601.141819820907,26422.692298352,136.8338436765212,7.534723115184091,0.0,4.0580411277705276e8,0.0,0.0,1.1867252827967412e6,0.11523832831229147,40839.324162154015,456.07976100727535,32573.819254245274,75869.58399628795,57371.0586133981,18723.092783927772,5015.126962990308,13604.388811625586,10.915888694792987,6.417670510482371,4.369896993138586,409682.34161804325,0.00038101290667663467,3.5069273849145984e-31,2.673725213370464,3.922121665558403e-6,4.253183454190232e-6
45.743470727088514,0.0,5.499999999921532e6,0.0,0.0,2.4814966501885094e6,0.10365765961272849,3691.1688953507833,8225.486605579641,4579.97169691857,26433.565197123644,131.28997355977748,7.496697071055615,0.0,4.0595314012065077e8,0.0,0.0,1.1870774195016022e6,0.10391760653506504,40937.20090501966,459.88958252105306,32288.501435457965,75089.10929167067,56780.8776475883,18666.80706366707,4970.799824302314,13185.734902237507,10.842512173610778,6.33159521894304,4.298270874251062,409642.37663569336,0.00033240027366890324,1.533431072025858e-31,2.646220423363709,3.4217105838366807e-6,3.8232718640904156e-6
45.743470727088514,0.0,5.499999999921532e6,0.0,0.0,2.4814966501885094e6,0.10365765961272849,3691.1688953507833,8225.486605579641,4579.97169691857,26433.565197123644,131.28997355977748,7.496697071055615,0.0,4.0595314012065077e8,0.0,0.0,1.1870774195016022e6,0.10391760653506504,40937.20090501966,459.88958252105306,32288.501435457965,75089.10929167067,56780.8776475883,18666.80706366707,4970.799824302314,13185.734902237507,10.842512173610778,6.33159521894304,4.298270874251062,409642.37663569336,0.00033240027366890324,1.533431072025858e-31,2.646220423363709,3.4217105838366807e-6,3.8232718640904156e-6
45.9525702100621,0.0,5.499999999933619e6,0.0,0.0,2.4819928508544173e6,0.09336756298041878,3711.741791864891,8139.9375093733615,4558.514817219079,26444.540292789618,125.91298301906735,7.458414913793155,0.0,4.061036620414241e8,0.0,0.0,1.1874239617825341e6,0.09360170496986268,41035.990021634454,463.7762837420884,32002.96533394846,74308.14913766047,56190.32969166434,18609.269266501724,4928.422741341458,12777.365953742697,10.768420622462058,6.245401901915298,4.226785429254192,409602.1365595943,0.0002895518050193762,6.643871933767557e-32,2.6186985269424436,2.980634150167263e-6,3.4330858100156606e-6
45.9525702100621,0.0,5.499999999933619e6,0.0,0.0,2.4819928508544173e6,0.09336756298041878,3711.741791864891,8139.9375093733615,4558.514817219079,26444.540292789618,125.91298301906735,7.458414913793155,0.0,4.061036620414241e8,0.0,0.0,1.1874239617825341e6,0.09360170496986268,41035.990021634454,463.7762837420884,32002.96533394846,74308.14913766047,56190.32969166434,18609.269266501724,4928.422741341458,12777.365953742697,10.768420622462058,6.245401901915298,4.226785429254192,409602.1365595943,0.0002895518050193762,6.643871933767557e-32,2.6186985269424436,2.980634150167263e-6,3.4330858100156606e-6
46.0,0.0,5.499999999936091e6,0.0,0.0,2.482103539048259e6,0.09117940949567832,3716.4035320539356,8120.65664004867,4553.640826771466,26447.027207772495,124.72429403207333,7.449754586557904,0.0,4.0613778286081696e8,0.0,0.0,1.187501265465906e6,0.09140806415532833,41058.37427386354,464.6627745144164,31938.606052613453,74132.1379856827,56057.23325278991,18596.132083689597,4919.141762278804,12686.769959915871,10.751630052013883,6.225968471264392,4.210701233803579,409593.03234091285,0.0002806281732341927,5.49575379406227e-32,2.612495700182567,2.8887753746314796e-6,3.350317280079456e-6
46.16153796144351,0.0,5.499999999943838e6,0.0,0.0,2.4824754448980666e6,0.0841045037441593,3732.2673795651094,8055.331208573384,4537.022408161719,26455.490150464855,120.7593703498077,7.420323366341033,0.0,4.06253931994694e8,0.0,0.0,1.18776100131541e6,0.08431541634805773,41134.545064590086,467.6956013037436,31720.534554969283,73535.7952196771,55606.28971271348,18551.155439404443,4888.4270738393125,12383.725801223443,10.694491664179985,6.16010977728521,4.156283931885708,409562.0896027063,0.0002522487015174389,2.880096815699504e-32,2.5914799251622234,2.596640325623223e-6,3.083215176674644e-6
46.16153796144351,0.0,5.499999999943838e6,0.0,0.0,2.4824754448980666e6,0.0841045037441593,3732.2673795651094,8055.331208573384,4537.022408161719,26455.490150464855,120.7593703498077,7.420323366341033,0.0,4.06253931994694e8,0.0,0.0,1.18776100131541e6,0.08431541634805773,41134.545064590086,467.6956013037436,31720.534554969283,73535.7952196771,55606.28971271348,18551.155439404443,4888.4270738393125,12383.725801223443,10.694491664179985,6.16010977728521,4.156283931885708,409562.0896027063,0.0002522487015174389,2.880096815699504e-32,2.5914799251622234,2.596640325623223e-6,3.083215176674644e-6
46.373966048700076,0.0,5.499999999952616e6,0.0,0.0,2.4829527756667202e6,0.07562947394208949,3753.0977181559024,7970.225190886314,4515.127284544518,26466.602584667402,115.73655711010043,7.381772144674507,0.0,4.064065294517683e8,0.0,0.0,1.1880943650222595e6,0.0758191333368957,41234.556997899796,471.71599869538454,31436.392878074963,72758.87916534132,55018.80002589409,18491.47126523902,4850.085785818454,11997.875458256272,10.619474571539488,6.0742798345164895,4.085576727558343,409521.5506846402,0.0002192500751538734,1.2313505320683488e-32,2.564100550123262,2.256955757412862e-6,2.764331552442715e-6
46.373966048700076,0.0,5.499999999952616e6,0.0,0.0,2.4829527756667202e6,0.07562947394208949,3753.0977181559024,7970.225190886314,4515.127284544518,26466.602584667402,115.73655711010043,7.381772144674507,0.0,4.064065294517683e8,0.0,0.0,1.1880943650222595e6,0.0758191333368957,41234.556997899796,471.71599869538454,31436.392878074963,72758.87916534132,55018.80002589409,18491.47126523902,4850.085785818454,11997.875458256272,10.619474571539488,6.0742798345164895,4.085576727558343,409521.5506846402,0.0002192500751538734,1.2313505320683488e-32,2.564100550123262,2.256955757412862e-6,2.764331552442715e-6
46.5,0.0,5.499999999957161e6,0.0,0.0,2.48322980873252e6,0.07101059551522267,3765.439674665744,7920.157240832964,4502.115957465575,26473.18669173279,112.85581632725963,7.358981351191519,0.0,4.0649698920864356e8,0.0,0.0,1.188287842534709e6,0.07118867194321103,41293.81118642791,474.11865247845753,31269.211533468133,72301.81858226036,54673.17923133385,18455.77867171303,4828.403763350591,11775.559307474272,10.575038504846571,6.023776019747303,4.044083936642093,409497.5801527345,0.00020175025400770758,7.437693957759337e-33,2.5479932338741627,2.0768141289341212e-6,2.5910641138203533e-6
46.58727493904683,0.0,5.49999999996005e6,0.0,0.0,2.483419003689098e6,0.06797851021590424,3773.9788413491688,7885.671028379325,4493.097323236446,26477.742111093576,110.9031075860471,7.343235089223387,0.0,4.065595966301021e8,0.0,0.0,1.1884199746665224e6,0.06814898294876033,41334.80690346437,475.79002753297004,31154.049983409896,71987.00059615102,54435.11968778669,18430.94218812153,4813.842319636769,11624.42707653422,10.544301328697118,5.988987277159488,4.015550995417032,409481.0166094764,0.00019045750644439962,5.24597487263376e-33,2.536898703050402,1.960567490175933e-6,2.4775327716326226e-6
46.58727493904683,0.0,5.49999999996005e6,0.0,0.0,2.483419003689098e6,0.06797851021590424,3773.9788413491688,7885.671028379325,4493.097323236446,26477.742111093576,110.9031075860471,7.343235089223387,0.0,4.065595966301021e8,0.0,0.0,1.1884199746665224e6,0.06814898294876033,41334.80690346437,475.79002753297004,31154.049983409896,71987.00059615102,54435.11968778669,18430.94218812153,4813.842319636769,11624.42707653422,10.544301328697118,5.988987277159488,4.015550995417032,409481.0166094764,0.00019045750644439962,5.24597487263376e-33,2.536898703050402,1.960567490175933e-6,2.4775327716326226e-6
46.803528345576645,0.0,5.499999999966397e6,0.0,0.0,2.4838786529709925e6,0.06101165586827529,3795.1118686020723,7800.865297691116,4470.721691239112,26489.016021639145,106.20893867432673,7.304344466572796,0.0,4.067146101887879e8,0.0,0.0,1.1887409897749661e6,0.06116465751069002,41436.260789832915,479.95837257008384,30870.822042175343,71212.82524254713,53849.70265665344,18368.98617431021,4779.315008967275,11259.632554007667,10.468265470221068,5.90343645262652,3.9455538546306066,409440.09914122766,0.00016512485060294,2.208795766116758e-33,2.5096159162401963,1.6997949127707485e-6,2.217335268809736e-6
46.803528345576645,0.0,5.499999999966397e6,0.0,0.0,2.4838786529709925e6,0.06101165586827529,3795.1118686020723,7800.865297691116,4470.721691239112,26489.016021639145,106.20893867432673,7.304344466572796,0.0,4.067146101887879e8,0.0,0.0,1.1887409897749661e6,0.06116465751069002,41436.260789832915,479.95837257008384,30870.822042175343,71212.82524254713,53849.70265665344,18368.98617431021,4779.315008967275,11259.632554007667,10.468265470221068,5.90343645262652,3.9455538546306066,409440.09914122766,0.00016512485060294,2.208795766116758e-33,2.5096159162401963,1.6997949127707485e-6,2.217335268809736e-6
47.0,0.0,5.4999999999712845e6,0.0,0.0,2.484285199408628e6,0.05530310739362944,3814.2800867101587,7724.608120292969,4450.359496538174,26499.241758493343,102.11663955009932,7.269167374737332,0.0,4.068552986621854e8,0.0,0.0,1.189024918313323e6,0.055441793455193344,41528.27789652593,483.7788900408281,30616.104345356976,70516.68779342418,53323.29651781623,18312.19784133223,4749.806194558567,10939.838766010882,10.399351306365867,5.826517558819296,3.882826397656972,409403.0777076434,0.00014504304583208582,1.0065824163942397e-33,2.485083271842194,1.4930739704893963e-6,2.004863074466828e-6
47.02067412747744,0.0,5.499999999971756e6,0.0,0.0,2.4843273783751647e6,0.05473438019645269,3816.295350027682,7716.627278824626,4448.215105952516,26500.31684811431,101.69529484439674,7.265474441255115,0.0,4.068700948564423e8,0.0,0.0,1.1890543757410839e6,0.05487164003553475,41537.9519556287,484.18277375021205,30589.444165972098,70443.83217991548,53268.204467603435,18306.195130965953,4746.801293668202,10906.815965267735,10.392109380675242,5.818468373461467,3.876273663419842,409399.1905047655,0.00014307738561539327,9.266904799292804e-34,2.482515760478113,1.4728395645943224e-6,1.9837329224107982e-6
47.02067412747744,0.0,5.499999999971756e6,0.0,0.0,2.4843273783751647e6,0.05473438019645269,3816.295350027682,7716.627278824626,4448.215105952516,26500.31684811431,101.69529484439674,7.265474441255115,0.0,4.068700948564423e8,0.0,0.0,1.1890543757410839e6,0.05487164003553475,41537.9519556287,484.18277375021205,30589.444165972098,70443.83217991548,53268.204467603435,18306.195130965953,4746.801293668202,10906.815965267735,10.392109380675242,5.818468373461467,3.876273663419842,409399.1905047655,0.00014307738561539327,9.266904799292804e-34,2.482515760478113,1.4728395645943224e-6,1.9837329224107982e-6
47.24123243161155,0.0,5.499999999976325e6,0.0,0.0,2.4847703716365667e6,0.04901924042188007,3837.7741024528063,7631.99657156123,4425.318756587281,26511.775193807163,97.3070266472561,7.226179611943701,0.0,4.070278503005181e8,0.0,0.0,1.1893637584279508e6,0.04914216815081539,41641.05600796369,488.5137125378303,30306.707129454946,69671.25411685892,52683.99545561529,18241.843124827155,4715.900064327944,10561.778585856238,10.314970952113681,5.733128849976135,3.806933236336519,409357.8204459707,0.00012369479010189554,3.835179394741627e-34,2.4552892668107424,1.2733159883095655e-6,1.7717963689840237e-6
47.24123243161155,0.0,5.499999999976325e6,0.0,0.0,2.4847703716365667e6,0.04901924042188007,3837.7741024528063,7631.99657156123,4425.318756587281,26511.775193807163,97.3070266472561,7.226179611943701,0.0,4.070278503005181e8,0.0,0.0,1.1893637584279508e6,0.04914216815081539,41641.05600796369,488.5137125378303,30306.707129454946,69671.25411685892,52683.99545561529,18241.843124827155,4715.900064327944,10561.778585856238,10.314970952113681,5.733128849976135,3.806933236336519,409357.8204459707,0.00012369479010189554,3.835179394741627e-34,2.4552892668107424,1.2733159883095655e-6,1.7717963689840237e-6
47.464015161525495,0.0,5.49999999998019e6,0.0,0.0,2.485205122439136e6,0.04385205218132221,3859.431040811832,7547.454544259402,4402.158183742427,26523.32859692929,93.06669476757523,7.186679075292868,0.0,4.0718702026232195e8,0.0,0.0,1.189667384652401e6,0.04396202192253829,41745.011207126205,492.9297118124329,30024.21741979386,68899.48539433452,52100.398536122564,18176.27508670372,4686.772913378537,10226.386941865963,10.237289650021774,5.647917974594668,3.737941777705164,409316.2179990777,0.0001067810588883184,1.573158357532336e-34,2.428091296584228,1.0992065923355612e-6,1.5808397132473884e-6
47.464015161525495,0.0,5.49999999998019e6,0.0,0.0,2.485205122439136e6,0.04385205218132221,3859.431040811832,7547.454544259402,4402.158183742427,26523.32859692929,93.06669476757523,7.186679075292868,0.0,4.0718702026232195e8,0.0,0.0,1.189667384652401e6,0.04396202192253829,41745.011207126205,492.9297118124329,30024.21741979386,68899.48539433452,52100.398536122564,18176.27508670372,4686.772913378537,10226.386941865963,10.237289650021774,5.647917974594668,3.737941777705164,409316.2179990777,0.0001067810588883184,1.573158357532336e-34,2.428091296584228,1.0992065923355612e-6,1.5808397132473884e-6
47.5,0.0,5.499999999980752e6,0.0,0.0,2.4852741716723614e6,0.04307010334443489,3862.9255448679883,7533.887070154818,4398.414289030193,26525.192822301295,92.39932605645905,7.180316759401987,0.0,4.0721271346087825e8,0.0,0.0,1.1897156080435063e6,0.04317811215778194,41761.784766154546,493.64692556835956,29978.878250944817,68775.63038421854,52006.74172629545,18165.632171164558,4682.259101862595,10173.416824759148,10.224765420870016,5.63424779014805,3.7268965013283175,409309.5155617366,0.0001042748880179227,1.3622611610398668e-34,2.423726511279063,1.0734081347304088e-6,1.5520000138457866e-6
47.69015691888346,0.0,5.499999999983468e6,0.0,0.0,2.485633737415876e6,0.03916371338254388,3881.3750763713315,7462.59555052842,4378.6178401135285,26535.03515875235,88.95135724688376,7.146779073745673,0.0,4.0734840889441216e8,0.0,0.0,1.1899667256688208e6,0.03926192596807879,41850.340625192235,497.4551475906552,29740.617907120264,68124.82295781178,51514.61352626858,18109.156511688416,4659.264475401738,9898.921223672638,10.15869424529162,5.56244171839748,3.668982801728005,409274.17743860465,9.197593803181954e-5,6.36684052491647e-35,2.400791350091671,9.468029989330809e-7,1.408164312060957e-6
47.69015691888346,0.0,5.499999999983468e6,0.0,0.0,2.485633737415876e6,0.03916371338254388,3881.3750763713315,7462.59555052842,4378.6178401135285,26535.03515875235,88.95135724688376,7.146779073745673,0.0,4.0734840889441216e8,0.0,0.0,1.1899667256688208e6,0.03926192596807879,41850.340625192235,497.4551475906552,29740.617907120264,68124.82295781178,51514.61352626858,18109.156511688416,4659.264475401738,9898.921223672638,10.15869424529162,5.56244171839748,3.668982801728005,409274.17743860465,9.197593803181954e-5,6.36684052491647e-35,2.400791350091671,9.468029989330809e-7,1.408164312060957e-6
47.91709880694844,0.0,5.499999999986213e6,0.0,0.0,2.4860513861714303e6,0.03496262714184173,3903.356882039331,7378.395462874213,4354.966919038031,26546.76186987235,85.00438412611405,7.106936669419982,0.0,4.0751018519960856e8,0.0,0.0,1.1902584079706036e6,0.03505030447660191,41955.847817852045,502.04032892918116,29459.1687257339,67356.17538881174,50933.37692206974,18041.25226678261,4633.659438240219,9582.945142591416,10.080096217992532,5.477697223343774,3.600860782757435,409232.17884912796,7.918171124931996e-5,2.568535263328793e-35,2.37370337537901,8.150993734549404e-7,1.2539453325071337e-6
47.91709880694844,0.0,5.499999999986213e6,0.0,0.0,2.4860513861714303e6,0.03496262714184173,3903.356882039331,7378.395462874213,4354.966919038031,26546.76186987235,85.00438412611405,7.106936669419982,0.0,4.0751018519960856e8,0.0,0.0,1.1902584079706036e6,0.03505030447660191,41955.847817852045,502.04032892918116,29459.1687257339,67356.17538881174,50933.37692206974,18041.25226678261,4633.659438240219,9582.945142591416,10.080096217992532,5.477697223343774,3.600860782757435,409232.17884912796,7.918171124931996e-5,2.568535263328793e-35,2.37370337537901,8.150993734549404e-7,1.2539453325071337e-6
48.0,0.0,5.499999999987097e6,0.0,0.0,2.486200905402889e6,0.03354303021161227,3911.3768237000554,7347.8748964294855,4346.321205586779,26551.040296320305,83.60665573337718,7.092432032479816,0.0,4.075692358385653e8,0.0,0.0,1.1903628309169493e6,0.03362714756002556,41994.34073419531,503.72627287188885,29357.136930602952,67077.55854805365,50722.69220923736,18016.314188797984,4624.789934223395,9470.583444117852,10.051456248296573,5.446998869065426,3.576244849271792,409216.88436333777,7.496569179704115e-5,1.84361999978725e-35,2.3638846157795417,7.716996885584812e-7,1.201948909758916e-6
48.14722219489552,0.0,5.499999999988531e6,0.0,0.0,2.4864624934553984e6,0.03116257953361266,3925.6061386110296,7293.985011981581,4330.960235893641,26558.631258907877,81.1808687258661,7.066739134413521,0.0,4.0767404210791266e8,0.0,0.0,1.1905455217648451e6,0.03124072732000968,42062.63548365196,506.73487036456567,29176.963037386813,66585.60729937343,50350.688130535214,17971.85655648534,4609.65992469845,9274.978341831198,10.000692803236667,5.3928235406712375,3.53288316236497,409189.78568620316,6.802422675544492e-5,1.0231051284756906e-35,2.3465477207009626,7.002442470023187e-7,1.1148972819011487e-6
48.14722219489552,0.0,5.499999999988531e6,0.0,0.0,2.4864624934553984e6,0.03116257953361266,3925.6061386110296,7293.985011981581,4330.960235893641,26558.631258907877,81.1808687258661,7.066739134413521,0.0,4.0767404210791266e8,0.0,0.0,1.1905455217648451e6,0.03124072732000968,42062.63548365196,506.73487036456567,29176.963037386813,66585.60729937343,50350.688130535214,17971.85655648534,4609.65992469845,9274.978341831198,10.000692803236667,5.3928235406712375,3.53288316236497,409189.78568620316,6.802422675544492e-5,1.0231051284756906e-35,2.3465477207009626,7.002442470023187e-7,1.1148972819011487e-6
48.37758079142191,0.0,5.499999999990461e6,0.0,0.0,2.486861885912388e6,0.02777228838355753,3947.837152605171,7210.455430540289,4306.908296366495,26570.490915952916,77.52568145564852,7.026705700083776,0.0,4.078378777769598e8,0.0,0.0,1.1908244540245973e6,0.027841934186082117,42169.33268091101,511.48002553765093,28897.648096717247,65823.08037529007,49774.07998265458,17901.866954605124,4587.537876727331,8978.753532302038,9.921521333607421,5.308931109537684,3.4659378054091863,409147.544154853,5.8429870710127655e-5,4.0714245553631555e-36,2.319675446595436,6.014798759341355e-7,9.91231900640242e-7
48.37758079142191,0.0,5.499999999990461e6,0.0,0.0,2.486861885912388e6,0.02777228838355753,3947.837152605171,7210.455430540289,4306.908296366495,26570.490915952916,77.52568145564852,7.026705700083776,0.0,4.078378777769598e8,0.0,0.0,1.1908244540245973e6,0.027841934186082117,42169.33268091101,511.48002553765093,28897.648096717247,65823.08037529007,49774.07998265458,17901.866954605124,4587.537876727331,8978.753532302038,9.921521333607421,5.308931109537684,3.4659378054091863,409147.544154853,5.8429870710127655e-5,4.0714245553631555e-36,2.319675446595436,6.014798759341355e-7,9.91231900640242e-7
48.5,0.0,5.499999999991352e6,0.0,0.0,2.48706931742898e6,0.026123338195391504,3959.6346954511046,7166.455345625556,4294.119213809264,26576.784592509346,75.65065510764605,7.005514310853758,0.0,4.0792486802351254e8,0.0,0.0,1.1909693224132066e6,0.02618884885220567,42225.95361462249,514.020513057985,28750.493750662332,65421.411253679245,49470.34556895359,17864.466718049098,4576.529807729071,8826.076884923568,9.879579431487677,5.264782882795288,3.430807076022367,409125.17485256813,5.3894615026036165e-5,2.495068340396807e-36,2.3055201924716733,5.547938913072034e-7,9.312260770635205e-7
48.61589997938653,0.0,5.499999999992117e6,0.0,0.0,2.487262683606724e6,0.024652519564192177,3970.7933380659033,7125.045869763559,4282.007226312192,26582.737432703863,73.91728748148189,6.985504850173987,0.0,4.080071766966124e8,0.0,0.0,1.1911043676900358e6,0.02471434178372227,42279.50758127054,516.437782433453,28611.989132390197,65043.391321818315,49184.49423066527,17828.930214219385,4566.573573071085,8684.484673433999,9.839957841553304,5.223263482996402,3.3978310026166625,409104.0472013942,4.992573392657748e-5,1.5694358089056653e-36,2.292198361642863,5.13938158096038e-7,8.777851591807372e-7
48.61589997938653,0.0,5.499999999992117e6,0.0,0.0,2.487262683606724e6,0.024652519564192177,3970.7933380659033,7125.045869763559,4282.007226312192,26582.737432703863,73.91728748148189,6.985504850173987,0.0,4.080071766966124e8,0.0,0.0,1.1911043676900358e6,0.02471434178372227,42279.50758127054,516.437782433453,28611.989132390197,65043.391321818315,49184.49423066527,17828.930214219385,4566.573573071085,8684.484673433999,9.839957841553304,5.223263482996402,3.3978310026166625,409104.0472013942,4.992573392657748e-5,1.5694358089056653e-36,2.292198361642863,5.13938158096038e-7,8.777851591807372e-7
48.85373625533723,0.0,5.499999999993484e6,0.0,0.0,2.487650479110957e6,0.02188849094037166,3993.659415948577,7040.818003047442,4257.142272183993,26594.935879388606,70.48364502865017,6.94460644569719,0.0,4.0817593155818677e8,0.0,0.0,1.1913752007376421e6,0.021943381682414255,42389.2475448024,521.4351820404603,28330.22360827058,64274.48963404083,48603.065738166784,17755.62772731807,4547.522307411457,8402.678567823517,9.758922102709178,5.138907482566143,3.3310213620026583,409060.8445879444,4.26729247211834e-5,6.061493270992285e-37,2.2651014362153967,4.3927756855432157e-7,7.775789476586752e-7
48.85373625533723,0.0,5.499999999993484e6,0.0,0.0,2.487650479110957e6,0.02188849094037166,3993.659415948577,7040.818003047442,4257.142272183993,26594.935879388606,70.48364502865017,6.94460644569719,0.0,4.0817593155818677e8,0.0,0.0,1.1913752007376421e6,0.021943381682414255,42389.2475448024,521.4351820404603,28330.22360827058,64274.48963404083,48603.065738166784,17755.62772731807,4547.522307411457,8402.678567823517,9.758922102709178,5.138907482566143,3.3310213620026583,409060.8445879444,4.26729247211834e-5,6.061493270992285e-37,2.2651014362153967,4.3927756855432157e-7,7.775789476586752e-7
49.0,0.0,5.4999999999942025e6,0.0,0.0,2.487883078083436e6,0.020344876243010096,4007.6999298967044,6989.515032652884,4241.845447293048,26602.42612152945,68.45171853070322,6.919563449679797,0.0,4.082796122384225e8,0.0,0.0,1.1915376458611644e6,0.020395895993836496,42456.63033205701,524.5332877727483,28158.571534855902,63806.153602769984,48248.91917462067,17710.303215346554,4536.701493388203,8235.052102091735,9.709272531456667,5.087594120380974,3.2905059492007838,409034.37786078604,3.8746117846394445e-5,3.3767077845136187e-37,2.2485967694628273,3.9885490207242105e-7,7.217508947536281e-7
49.08847454131433,0.0,5.499999999994599e6,0.0,0.0,2.488021644764472e6,0.019464490934549255,4016.18502772114,6958.663630769982,4232.590877540237,26606.952696367094,67.25115302964835,6.904455123013966,0.0,4.083422916050903e8,0.0,0.0,1.1916344196404165e6,0.019513302903989695,42497.3513623819,526.416548134875,28055.33639233166,63524.516420768276,48035.95064608194,17682.798539899894,4530.478149647381,8135.697260220806,9.679309744983529,5.056762822034358,3.2662081612046925,409018.4057496574,3.654839851306829e-5,2.3702680216684968e-37,2.2386715716564183,3.7623150642342837e-7,6.899552123004477e-7
49.08847454131433,0.0,5.499999999994599e6,0.0,0.0,2.488021644764472e6,0.019464490934549255,4016.18502772114,6958.663630769982,4232.590877540237,26606.952696367094,67.25115302964835,6.904455123013966,0.0,4.083422916050903e8,0.0,0.0,1.1916344196404165e6,0.019513302903989695,42497.3513623819,526.416548134875,28055.33639233166,63524.516420768276,48035.95064608194,17682.798539899894,4530.478149647381,8135.697260220806,9.679309744983529,5.056762822034358,3.2662081612046925,409018.4057496574,3.654839851306829e-5,2.3702680216684968e-37,2.2386715716564183,3.7623150642342837e-7,6.899552123004477e-7
49.33012787124535,0.0,5.499999999995548e6,0.0,0.0,2.488392094694636e6,0.017249189603961997,4039.33006606613,6875.090368778809,4207.309313231582,26619.299960950335,64.07822323399373,6.863343257500194,0.0,4.0851334852781236e8,0.0,0.0,1.1918931386881534e6,0.017292446163748334,42608.42589960594,531.5959801956693,27775.640799947192,62761.590314984984,47459.040883351656,17607.346182478388,4514.684686817766,7871.9558203322595,9.597746350885673,4.973349800520487,3.2006442361065734,408974.92435831216,3.116034120844508e-5,9.01576587129275e-38,2.211785234153966,3.20766641632822e-7,6.101017274791285e-7
49.33012787124535,0.0,5.499999999995548e6,0.0,0.0,2.488392094694636e6,0.017249189603961997,4039.33006606613,6875.090368778809,4207.309313231582,26619.299960950335,64.07822323399373,6.863343257500194,0.0,4.0851334852781236e8,0.0,0.0,1.1918931386881534e6,0.017292446163748334,42608.42589960594,531.5959801956693,27775.640799947192,62761.590314984984,47459.040883351656,17607.346182478388,4514.684686817766,7871.9558203322595,9.597746350885673,4.973349800520487,3.2006442361065734,408974.92435831216,3.116034120844508e-5,9.01576587129275e-38,2.211785234153966,3.20766641632822e-7,6.101017274791285e-7
49.5,0.0,5.499999999996114e6,0.0,0.0,2.488645626715703e6,0.015844605549547194,4055.573294224677,6816.943370400745,4189.535272420521,26627.9652926725,61.9378127472086,6.834578176757031,0.0,4.086334707004477e8,0.0,0.0,1.1920702032729199e6,0.0158843397714429,42686.37710770257,535.2682935525353,27581.002339406394,62230.77619911708,47057.649686522156,17554.028095535352,4504.608898674635,7693.050766936621,9.54065657802025,4.915411147967848,3.155253269649564,408944.4843099317,2.785550369812351e-5,4.569877023771081e-38,2.193078773656165,2.867465018190815e-7,5.595920504284912e-7
49.57257781882864,0.0,5.499999999996333e6,0.0,0.0,2.4887522527443343e6,0.015279929794112723,4062.506481538324,6792.25026782689,4181.941151386787,26631.66396434325,61.04526213008589,6.822322214595328,0.0,4.086847617651605e8,0.0,0.0,1.192144669975017e6,0.015318247953507195,42719.6491999838,536.8452324910626,27498.336391605993,62005.35702968824,46887.192150234754,17531.18011640526,4500.555474629041,7618.202704343788,9.516328037715226,4.890831930315281,3.1360344850468564,408931.51030652603,2.655264074271979e-5,3.418408236244884e-38,2.185134759745331,2.7333477041270126e-7,5.39313822672119e-7
49.57257781882864,0.0,5.499999999996333e6,0.0,0.0,2.4887522527443343e6,0.015279929794112723,4062.506481538324,6792.25026782689,4181.941151386787,26631.66396434325,61.04526213008589,6.822322214595328,0.0,4.086847617651605e8,0.0,0.0,1.192144669975017e6,0.015318247953507195,42719.6491999838,536.8452324910626,27498.336391605993,62005.35702968824,46887.192150234754,17531.18011640526,4500.555474629041,7618.202704343788,9.516328037715226,4.890831930315281,3.1360344850468564,408931.51030652603,2.655264074271979e-5,3.418408236244884e-38,2.185134759745331,2.7333477041270126e-7,5.39313822672119e-7
49.81950878795938,0.0,5.499999999996991e6,0.0,0.0,2.4891075832220674e6,0.013505198758487534,4086.0650891036553,6708.9050243601,4156.104661614968,26644.23185703337,58.10375835675686,6.780775742382475,0.0,4.088591296445881e8,0.0,0.0,1.1923928297271063e6,0.013539066345947337,42832.70497185055,542.2462530088354,27219.27615294607,61244.51230916557,46311.856387421765,17453.15023544777,4487.861935957758,7370.472225141438,9.433842922290705,4.807988914200915,3.0714236480709904,408887.5097211061,2.2559466225171078e-5,1.273095242543351e-38,2.158321774241093,2.3222883285704404e-7,4.756908236637242e-7
49.81950878795938,0.0,5.499999999996991e6,0.0,0.0,2.4891075832220674e6,0.013505198758487534,4086.0650891036553,6708.9050243601,4156.104661614968,26644.23185703337,58.10375835675686,6.780775742382475,0.0,4.088591296445881e8,0.0,0.0,1.1923928297271063e6,0.013539066345947337,42832.70497185055,542.2462530088354,27219.27615294607,61244.51230916557,46311.856387421765,17453.15023544777,4487.861935957758,7370.472225141438,9.433842922290705,4.807988914200915,3.0714236480709904,408887.5097211061,2.2559466225171078e-5,1.273095242543351e-38,2.158321774241093,2.3222883285704404e-7,4.756908236637242e-7
50.0,0.0,5.499999999997395e6,0.0,0.0,2.4893601862282436e6,0.01233979120944491,4103.255552943765,6648.632500971542,4137.22235297711,26653.40251380715,56.04375696667557,6.750556213944619,0.0,4.0898644562120456e8,0.0,0.0,1.1925692454958565e6,0.012370736252572019,42915.19960602262,546.2292770535204,27017.427232099184,60694.294530122854,45895.79258863858,17395.837047397545,4479.627845208997,7195.972946266132,9.373837503152025,4.748198702719279,3.024951586511095,408855.48521180823,2.0025982715281846e-5,6.184655970689646e-39,2.1389315089757672,2.0614901516041004e-7,4.340075861268168e-7
50.062647541502,0.0,5.499999999997523e6,0.0,0.0,2.489446486889885e6,0.01195925347104023,4109.216471215783,6627.839067259246,4130.6692247406245,26656.582505686874,55.34594914347274,6.740096436138498,0.0,4.090306094664541e8,0.0,0.0,1.1926295171363156e6,0.011989244222759442,42943.805046208334,547.618754074214,26947.78300181567,60504.47474593837,45752.25462841077,17375.890862275377,4476.970552006118,7136.666869912574,9.35306731226174,4.727595968185966,3.008969279096784,408844.3966732203,1.92148456035458e-5,4.8137731230421927e-39,2.1322420560765756,1.977991233042597e-7,4.2041428014761064e-7
50.062647541502,0.0,5.499999999997523e6,0.0,0.0,2.489446486889885e6,0.01195925347104023,4109.216471215783,6627.839067259246,4130.6692247406245,26656.582505686874,55.34594914347274,6.740096436138498,0.0,4.090306094664541e8,0.0,0.0,1.1926295171363156e6,0.011989244222759442,42943.805046208334,547.618754074214,26947.78300181567,60504.47474593837,45752.25462841077,17375.890862275377,4476.970552006118,7136.666869912574,9.35306731226174,4.727595968185966,3.008969279096784,408844.3966732203,1.92148456035458e-5,4.8137731230421927e-39,2.1322420560765756,1.977991233042597e-7,4.2041428014761064e-7
50.31800641079055,0.0,5.499999999997981e6,0.0,0.0,2.489791076939673e6,0.010525763232809826,4133.48300410337,6543.753163088882,4103.963943259959,26669.528057666812,52.590344916751064,6.697616925570265,0.0,4.0921048353177804e8,0.0,0.0,1.192870175865827e6,0.010552159157315886,43060.25518518336,553.3199028348319,26666.106417078197,59736.86852999546,45171.80604058688,17294.314675732872,4467.180847347713,6901.461476329501,9.268715945529483,4.644414224744229,2.944606069087071,408799.3419227526,1.6234625454668343e-5,1.73333227510156e-39,2.10519078973318,1.671205572810589e-7,3.692895850130961e-7
50.31800641079055,0.0,5.499999999997981e6,0.0,0.0,2.489791076939673e6,0.010525763232809826,4133.48300410337,6543.753163088882,4103.963943259959,26669.528057666812,52.590344916751064,6.697616925570265,0.0,4.0921048353177804e8,0.0,0.0,1.192870175865827e6,0.010552159157315886,43060.25518518336,553.3199028348319,26666.106417078197,59736.86852999546,45171.80604058688,17294.314675732872,4467.180847347713,6901.461476329501,9.268715945529483,4.644414224744229,2.944606069087071,408799.3419227526,1.6234625454668343e-5,1.73333227510156e-39,2.10519078973318,1.671205572810589e-7,3.692895850130961e-7
50.5,0.0,5.499999999998255e6,0.0,0.0,2.4900297766980925e6,0.009610239056853246,4150.7474678138715,6484.477228546409,4084.9387126564975,26678.738191338067,50.71057129545516,6.667494386857786,0.0,4.093385392067875e8,0.0,0.0,1.193036881725822e6,0.009634339080672818,43143.10305038126,557.4200309775324,26467.496075579154,59195.74836104392,44762.62173031878,17235.917339181025,4461.197972522238,6740.050438018922,9.208907464306396,4.585909418168426,2.8994957415314624,408767.3716673182,1.4397154259313481e-5,8.370021599154249e-40,2.0861211350259676,1.4820551031338043e-7,3.3670912711235284e-7
50.56614508055531,0.0,5.499999999998344e6,0.0,0.0,2.490115141710235e6,0.009297602379252855,4157.015965434467,6463.066845132178,4078.0259327674507,26682.082268621227,50.044148120432986,6.656577831263423,0.0,4.0938505183318603e8,0.0,0.0,1.1930964999167118e6,0.009320918390174052,43173.18386372635,558.9178700626601,26395.749184204888,59000.29651769029,44614.8249379101,17214.6416945503,4459.223116214529,6682.631086071797,9.187234697196628,4.564805893568815,2.883256228046209,408755.78096619836,1.378215739230122e-5,6.4242258679560125e-40,2.0792332026697844,1.418746915367516e-7,3.2559690928465115e-7
50.56614508055531,0.0,5.499999999998344e6,0.0,0.0,2.490115141710235e6,0.009297602379252855,4157.015965434467,6463.066845132178,4078.0259327674507,26682.082268621227,50.044148120432986,6.656577831263423,0.0,4.0938505183318603e8,0.0,0.0,1.1930964999167118e6,0.009320918390174052,43173.18386372635,558.9178700626601,26395.749184204888,59000.29651769029,44614.8249379101,17214.6416945503,4459.223116214529,6682.631086071797,9.187234697196628,4.564805893568815,2.883256228046209,408755.78096619836,1.378215739230122e-5,6.4242258679560125e-40,2.0792332026697844,1.418746915367516e-7,3.2559690928465115e-7
50.82334988270416,0.0,5.499999999998652e6,0.0,0.0,2.4904401934036217e6,0.008175600397157904,4181.359484141133,6380.482440078251,4051.156849672739,26695.068890399663,47.53495590806537,6.614287721462815,0.0,4.095657698040664e8,0.0,0.0,1.1933235132260167e6,0.008196102713816749,43290.0010962808,564.7812324583738,26118.959789560893,58246.39713491054,44044.74125637479,17131.66134052323,4452.528867329375,6465.480964120941,9.103290963542127,4.483551556729209,2.820891548042575,408710.8560382665,1.1630368409996795e-5,2.29620307252042e-40,2.0526649811220654,1.1972402649154059e-7,2.857767950471638e-7
50.82334988270416,0.0,5.499999999998652e6,0.0,0.0,2.4904401934036217e6,0.008175600397157904,4181.359484141133,6380.482440078251,4051.156849672739,26695.068890399663,47.53495590806537,6.614287721462815,0.0,4.095657698040664e8,0.0,0.0,1.1933235132260167e6,0.008196102713816749,43290.0010962808,564.7812324583738,26118.959789560893,58246.39713491054,44044.74125637479,17131.66134052323,4452.528867329375,6465.480964120941,9.103290963542127,4.483551556729209,2.820891548042575,408710.8560382665,1.1630368409996795e-5,2.29620307252042e-40,2.0526649811220654,1.1972402649154059e-7,2.857767950471638e-7
51.0,0.0,5.49999999999883e6,0.0,0.0,2.490657228141175e6,0.007484461702980706,4198.049797793392,6324.374953856113,4032.7147955193273,26703.972730175592,45.88488705675634,6.585388723958352,0.0,4.096897536577827e8,0.0,0.0,1.1934750884216193e6,0.007503230820403428,43370.092314167916,568.8443905478545,25930.867315033967,57734.20114224433,43657.42887748809,17074.448114423707,4448.815621388059,6321.821741348875,9.045946064783589,4.428485393266106,2.778774256139854,408680.13486567105,1.0350455890901006e-5,1.1327592316102573e-40,2.034614646199815,1.0654851379651821e-7,2.6129737605705704e-7
51.078092897517834,0.0,5.499999999998901e6,0.0,0.0,2.4907515968477866e6,0.007197852011362901,4205.420681314311,6299.728669705129,4024.565451152796,26707.904901082617,45.17380697024384,6.572651023005235,0.0,4.097445291315896e8,0.0,0.0,1.1935409947153523e6,0.007215902384917334,43405.46257301061,570.6500563865452,25848.232863171095,57509.20927101273,43487.29452295304,17049.10023104313,4447.39765185967,6259.693797549248,9.020676128625679,4.404333045181094,2.760339235605198,408666.5883101924,9.830494654609839e-6,8.288507763676065e-41,2.026685691957538,1.0119599395767561e-7,2.5115764128546694e-7
51.078092897517834,0.0,5.499999999998901e6,0.0,0.0,2.4907515968477866e6,0.007197852011362901,4205.420681314311,6299.728669705129,4024.565451152796,26707.904901082617,45.17380697024384,6.572651023005235,0.0,4.097445291315896e8,0.0,0.0,1.1935409947153523e6,0.007215902384917334,43405.46257301061,570.6500563865452,25848.232863171095,57509.20927101273,43487.29452295304,17049.10023104313,4447.39765185967,6259.693797549248,9.020676128625679,4.404333045181094,2.760339235605198,408666.5883101924,9.830494654609839e-6,8.288507763676065e-41,2.026685691957538,1.0119599395767561e-7,2.5115764128546694e-7
51.33819527563074,0.0,5.499999999999108e6,0.0,0.0,2.4910590880190562e6,0.0063200774365390075,4229.937544744718,6218.330409851275,3997.4395807901733,26720.983997590498,42.88394830227069,6.530392983911139,0.0,4.099268144813462e8,0.0,0.0,1.1937557439069182e6,0.0063359265757603166,43523.109748966584,576.7061197563484,25575.26959421518,56766.13793054299,42925.398850468264,16964.440319117628,4443.637813883058,6058.687765594023,8.93687154629061,4.32473005586421,2.6997447372413386,408621.62136864045,8.279823769178894e-6,2.9284123861817686e-41,2.00049906330369,8.523326830964549e-8,2.2014871335651004e-7
51.33819527563074,0.0,5.499999999999108e6,0.0,0.0,2.4910590880190562e6,0.0063200774365390075,4229.937544744718,6218.330409851275,3997.4395807901733,26720.983997590498,42.88394830227069,6.530392983911139,0.0,4.099268144813462e8,0.0,0.0,1.1937557439069182e6,0.0063359265757603166,43523.109748966584,576.7061197563484,25575.26959421518,56766.13793054299,42925.398850468264,16964.440319117628,4443.637813883058,6058.687765594023,8.93687154629061,4.32473005586421,2.6997447372413386,408621.62136864045,8.279823769178894e-6,2.9284123861817686e-41,2.00049906330369,8.523326830964549e-8,2.2014871335651004e-7
51.5,0.0,5.499999999999216e6,0.0,0.0,2.491245192473337e6,0.005828904635149341,4245.163299000079,6168.225610228434,3980.579524467876,26729.10653371346,41.5184131350286,6.504234546049529,0.0,4.1004009116928136e8,0.0,0.0,1.193885717658485e6,0.0058435220384957165,43596.17199257009,580.5062304176121,25407.207770366138,56308.73942958002,42579.52327364991,16911.600678355146,4442.027570341268,5938.108622470915,8.885021477974973,4.2758596167983285,2.662670574094704,408593.766083572,7.441188391809072e-6,1.5330228936219481e-41,1.984379851245552,7.660028869355076e-8,2.028285959407003e-7
51.59843516152043,0.0,5.499999999999275e6,0.0,0.0,2.49135651022761e6,0.005548965520907445,4254.41636754166,6137.941687454131,3970.3284742738647,26734.04280039107,40.70904098255904,6.488369347450419,0.0,4.101089591014868e8,0.0,0.0,1.1939634610214515e6,0.005562880908489036,43640.57359051759,582.8304159728863,25305.61452427805,56032.28245769546,42370.47205833153,16879.392733110115,4441.314343943363,5866.377373296794,8.853585321917649,4.246371098502719,2.640346906473457,408576.8641518927,6.973124199503192e-6,1.0340683508054178e-41,1.9746372121538547,7.178199771005776e-8,1.9296787626414978e-7
51.59843516152043,0.0,5.499999999999275e6,0.0,0.0,2.49135651022761e6,0.005548965520907445,4254.41636754166,6137.941687454131,3970.3284742738647,26734.04280039107,40.70904098255904,6.488369347450419,0.0,4.101089591014868e8,0.0,0.0,1.1939634610214515e6,0.005562880908489036,43640.57359051759,582.8304159728863,25305.61452427805,56032.28245769546,42370.47205833153,16879.392733110115,4441.314343943363,5866.377373296794,8.853585321917649,4.246371098502719,2.640346906473457,408576.8641518927,6.973124199503192e-6,1.0340683508054178e-41,1.9746372121538547,7.178199771005776e-8,1.9296787626414978e-7
51.867485261420654,0.0,5.499999999999416e6,0.0,0.0,2.491653603430791e6,0.004850522678015103,4279.67037884038,6055.923918470371,3942.3341706417145,26747.51514566302,38.5764023039251,6.445192199424452,0.0,4.102970210705411e8,0.0,0.0,1.19417094836146e6,0.004862686549422045,43761.756511402324,589.231022849456,25030.413082620176,55283.55565429139,41804.29988846468,16791.129358358376,4440.366432256977,5676.3922033524395,8.768079229461073,4.166700190121942,2.5802120604178884,408530.835979795,5.838595630159041e-6,3.52501805821262e-42,1.9482512798688942,6.010306563360628e-8,1.6840154692306868e-7
51.867485261420654,0.0,5.499999999999416e6,0.0,0.0,2.491653603430791e6,0.004850522678015103,4279.67037884038,6055.923918470371,3942.3341706417145,26747.51514566302,38.5764023039251,6.445192199424452,0.0,4.102970210705411e8,0.0,0.0,1.19417094836146e6,0.004862686549422045,43761.756511402324,589.231022849456,25030.413082620176,55283.55565429139,41804.29988846468,16791.129358358376,4440.366432256977,5676.3922033524395,8.768079229461073,4.166700190121942,2.5802120604178884,408530.835979795,5.838595630159041e-6,3.52501805821262e-42,1.9482512798688942,6.010306563360628e-8,1.6840154692306868e-7
52.0,0.0,5.499999999999475e6,0.0,0.0,2.491796154718633e6,0.004539555494302774,4292.088724682598,6015.931601181813,3928.5603577975016,26754.140003812885,37.567453033364544,6.424026547089058,0.0,4.103895539308944e8,0.0,0.0,1.194270504955863e6,0.004550939539475401,43821.346459079956,592.4094619164885,24896.192432910346,54918.47231793259,41528.23121079529,16747.53877515233,4440.425516231239,5585.9942252761475,8.726191482058425,4.127957258234553,2.551064171720709,408508.25668440026,5.349646939809574e-6,2.074720847757128e-42,1.935385353294082,5.5069785765414874e-8,1.574813867461216e-7
52.137561334188185,0.0,5.49999999999953e6,0.0,0.0,2.49194155985283e6,0.0042378176494614036,4304.9660830255125,5974.695602556185,3914.272569664117,26761.0097329496,36.54798516829349,6.402124708112823,0.0,4.104855459112872e8,0.0,0.0,1.1943720546520364e6,0.004248445013223202,43883.1388400226,595.7271767125441,24757.77605673554,54542.03561099689,41243.57734793125,16702.2095833865,4440.844535925795,5494.300766686756,8.682867800055524,4.088083794053324,2.521131206062676,408484.880713085,4.885345870792806e-6,1.1967161406251992e-42,1.922119321916784,5.029022997200009e-8,1.468962887694348e-7
52.137561334188185,0.0,5.49999999999953e6,0.0,0.0,2.49194155985283e6,0.0042378176494614036,4304.9660830255125,5974.695602556185,3914.272569664117,26761.0097329496,36.54798516829349,6.402124708112823,0.0,4.104855459112872e8,0.0,0.0,1.1943720546520364e6,0.004248445013223202,43883.1388400226,595.7271767125441,24757.77605673554,54542.03561099689,41243.57734793125,16702.2095833865,4440.844535925795,5494.300766686756,8.682867800055524,4.088083794053324,2.521131206062676,408484.880713085,4.885345870792806e-6,1.1967161406251992e-42,1.922119321916784,5.029022997200009e-8,1.468962887694348e-7
52.39748797163204,0.0,5.499999999999618e6,0.0,0.0,2.492209309113908e6,0.003721344816247052,4329.259619727961,5897.548883527214,3887.306571580831,26773.969690433903,34.69658258387071,6.360934320404366,0.0,4.106667457537487e8,0.0,0.0,1.1945590484350496e6,0.003730676998119098,43999.71168563211,602.0470945924577,24498.757931916396,53837.775776687704,40711.030246556584,16616.351247571452,4442.605996663672,5326.830420905135,8.60145233542378,4.013694547707204,2.4654664757007905,408440.8862360409,4.115204400275021e-6,4.231090629019659e-43,1.897300453852937,4.2362324852907984e-8,1.288047695591363e-7
52.39748797163204,0.0,5.499999999999618e6,0.0,0.0,2.492209309113908e6,0.003721344816247052,4329.259619727961,5897.548883527214,3887.306571580831,26773.969690433903,34.69658258387071,6.360934320404366,0.0,4.106667457537487e8,0.0,0.0,1.1945590484350496e6,0.003730676998119098,43999.71168563211,602.0470945924577,24498.757931916396,53837.775776687704,40711.030246556584,16616.351247571452,4442.605996663672,5326.830420905135,8.60145233542378,4.013694547707204,2.4654664757007905,408440.8862360409,4.115204400275021e-6,4.231090629019659e-43,1.897300453852937,4.2362324852907984e-8,1.288047695591363e-7
52.5,0.0,5.499999999999648e6,0.0,0.0,2.4923124435122483e6,0.0035354093737591076,4338.826825200519,5867.397739533934,3876.683343883913,26779.073540791484,33.99246783359389,6.344758867147949,0.0,4.1073814412676495e8,0.0,0.0,1.1946310766125573e6,0.00354427527705407,44045.619909965586,604.5580305600175,24397.50426671609,53562.530887830726,40502.8956102338,16582.418856320022,4443.641204427671,5262.8026668858,8.569504411417862,3.984696835442711,2.4438315469977403,408423.5981173815,3.845988150510593e-6,2.8078292993957324e-43,1.8876005303463328,3.9590988255453334e-8,1.2230033426264027e-7
52.67562591183124,0.0,5.4999999999996945e6,0.0,0.0,2.492485972458014e6,0.0032381952163073953,4355.199352313208,5816.099951469725,3858.49981547273,26787.80784972941,32.81921179376042,6.3171379344564125,0.0,4.108603804013724e8,0.0,0.0,1.1947522677370454e6,0.00324631578244355,44124.18330194631,608.8841984576912,24225.206808180406,53094.24171843559,40148.78478611605,16524.197099139517,4445.851198582101,5155.682114824821,8.514983978036872,3.935461903600126,2.4071805400097843,408394.06197927654,3.4250547752592878e-6,1.3908401850001524e-43,1.8710975205634222,3.5257861237413385e-8,1.1191328800059271e-7
52.67562591183124,0.0,5.4999999999996945e6,0.0,0.0,2.492485972458014e6,0.0032381952163073953,4355.199352313208,5816.099951469725,3858.49981547273,26787.80784972941,32.81921179376042,6.3171379344564125,0.0,4.108603804013724e8,0.0,0.0,1.1947522677370454e6,0.00324631578244355,44124.18330194631,608.8841984576912,24225.206808180406,53094.24171843559,40148.78478611605,16524.197099139517,4445.851198582101,5155.682114824821,8.514983978036872,3.935461903600126,2.4071805400097843,408394.06197927654,3.4250547752592878e-6,1.3908401850001524e-43,1.8710975205634222,3.5257861237413385e-8,1.1191328800059271e-7
52.9457967552287,0.0,5.499999999999754e6,0.0,0.0,2.4927453009558977e6,0.002829021015537169,4380.34085491758,5738.061209402248,3830.5701055496925,26801.220174476097,31.09292534096762,6.2748721075400065,0.0,4.1104821084891826e8,0.0,0.0,1.1949333805314081e6,0.0028361154773353797,44244.82416501336,615.5997322106069,23963.0206907059,52381.83871129032,39610.08001456867,16434.42841655833,4450.299949262912,4997.037728956963,8.431642787945185,3.860810489034954,2.3518098378540837,408348.8276836828,2.8656772444241534e-6,4.72000435172277e-44,1.8459916790153783,2.9499576281348422e-8,9.763521203123764e-8
52.9457967552287,0.0,5.499999999999754e6,0.0,0.0,2.4927453009558977e6,0.002829021015537169,4380.34085491758,5738.061209402248,3830.5701055496925,26801.220174476097,31.09292534096762,6.2748721075400065,0.0,4.1104821084891826e8,0.0,0.0,1.1949333805314081e6,0.0028361154773353797,44244.82416501336,615.5997322106069,23963.0206907059,52381.83871129032,39610.08001456867,16434.42841655833,4450.299949262912,4997.037728956963,8.431642787945185,3.860810489034954,2.3518098378540837,408348.8276836828,2.8656772444241534e-6,4.72000435172277e-44,1.8459916790153783,2.9499576281348422e-8,9.763521203123764e-8
53.0,0.0,5.499999999999764e6,0.0,0.0,2.4927962409424526e6,0.0027533795887615797,4385.378348011027,5722.531187993085,3824.9731740635807,26803.907543416113,30.757680703049854,6.2664251582635195,0.0,4.1108586393558294e8,0.0,0.0,1.1949689565802612e6,0.002760284361190332,44268.99639925922,616.9559137605762,23910.83401438714,52240.067665037524,39502.875613285694,16416.39034045961,4451.342126966657,4966.080052268554,8.41500003074936,3.845991269081307,2.340847098013381,408339.78191675874,2.7649721599000273e-6,3.7999835821595514e-44,1.8409955162189358,2.846290853123621e-8,9.499863779809126e-8
53.23116629185425,0.0,5.499999999999804e6,0.0,0.0,2.493009505042113e6,0.0024528385667898626,4406.837769414632,5656.7691592956235,3801.1288138306486,26815.355575488586,29.368034039030142,6.230522788043557,0.0,4.112463325090062e8,0.0,0.0,1.1951178983947628e6,0.002458989659133715,44371.968514680935,622.773248687117,23689.809080531755,51639.73676568116,39048.917520341085,16339.362626079326,4456.33421612217,4837.211791116632,8.344314610301412,3.7833775995017387,2.2946349084468074,408301.3133827447,2.3737258600423305e-6,1.5073174575003808e-44,1.8198392154904366,2.443538138305849e-8,8.453251209006178e-8
53.23116629185425,0.0,5.499999999999804e6,0.0,0.0,2.493009505042113e6,0.0024528385667898626,4406.837769414632,5656.7691592956235,3801.1288138306486,26815.355575488586,29.368034039030142,6.230522788043557,0.0,4.112463325090062e8,0.0,0.0,1.1951178983947628e6,0.002458989659133715,44371.968514680935,622.773248687117,23689.809080531755,51639.73676568116,39048.917520341085,16339.362626079326,4456.33421612217,4837.211791116632,8.344314610301412,3.7833775995017387,2.2946349084468074,408301.3133827447,2.3737258600423305e-6,1.5073174575003808e-44,1.8198392154904366,2.443538138305849e-8,8.453251209006178e-8
53.5,0.0,5.499999999999843e6,0.0,0.0,2.4932495917731617e6,0.0021443341798206518,4431.744037660843,5581.241401200291,3773.453233763096,26828.64240889859,27.830719003841654,6.189018643864524,0.0,4.1143271553059816e8,0.0,0.0,1.1952855729045235e6,0.002149711621995095,44491.47986627662,629.6071186910278,23435.88000744962,50950.2560929434,38527.54618172913,16249.595864684581,4463.227717809174,4693.5768382391825,8.262710337496877,3.711748832861544,2.241983900563052,408256.7997009644,1.987804108031042e-6,5.14271833693368e-45,1.795541181940737,2.0462664980847945e-8,7.380603148057243e-8
53.50540791844691,0.0,5.499999999999843e6,0.0,0.0,2.4932543358407896e6,0.002138543819613555,4432.244508277386,5579.732460411526,3772.897124556633,26828.90939669611,27.80063421106297,6.188186470164354,0.0,4.114364622828119e8,0.0,0.0,1.1952888861205864e6,0.002143906741044228,44493.88134370891,629.7453515801858,23430.805943385298,50936.48121670927,38517.129899059866,16247.788160247292,4463.3781247584475,4690.75416574789,8.26107540087061,3.7103209388890197,2.240936673647427,408255.9067072764,1.9807218322183354e-6,5.0326673160374266e-45,1.7950557406272427,2.0389759331839565e-8,7.360487893448489e-8
53.50540791844691,0.0,5.499999999999843e6,0.0,0.0,2.4932543358407896e6,0.002138543819613555,4432.244508277386,5579.732460411526,3772.897124556633,26828.90939669611,27.80063421106297,6.188186470164354,0.0,4.114364622828119e8,0.0,0.0,1.1952888861205864e6,0.002143906741044228,44493.88134370891,629.7453515801858,23430.805943385298,50936.48121670927,38517.129899059866,16247.788160247292,4463.3781247584475,4690.75416574789,8.26107540087061,3.7103209388890197,2.240936673647427,408255.9067072764,1.9807218322183354e-6,5.0326673160374266e-45,1.7950557406272427,2.0389759331839565e-8,7.360487893448489e-8
53.77502765096366,0.0,5.499999999999873e6,0.0,0.0,2.4934866795074693e6,0.001868835057862669,4457.168777768449,5505.016918168139,3745.203582507644,26842.205833272954,26.341225148304574,6.146833473045334,0.0,4.1162313374864364e8,0.0,0.0,1.1954511529407324e6,0.0018735216186384098,44613.47877133413,636.675435191508,23179.516838559724,50254.41511856647,38001.36532275054,16157.572721832212,4471.449770050693,4553.255667019053,8.179896037098343,3.639776256244419,2.189314381258714,408211.5074172708,1.657834639031981e-6,1.7116728775886766e-45,1.7710190047918413,1.7065926305939015e-8,6.424297428508621e-8
53.77502765096366,0.0,5.499999999999873e6,0.0,0.0,2.4934866795074693e6,0.001868835057862669,4457.168777768449,5505.016918168139,3745.203582507644,26842.205833272954,26.341225148304574,6.146833473045334,0.0,4.1162313374864364e8,0.0,0.0,1.1954511529407324e6,0.0018735216186384098,44613.47877133413,636.675435191508,23179.516838559724,50254.41511856647,38001.36532275054,16157.572721832212,4471.449770050693,4553.255667019053,8.179896037098343,3.639776256244419,2.189314381258714,408211.5074172708,1.657834639031981e-6,1.7116728775886766e-45,1.7710190047918413,1.7065926305939015e-8,6.424297428508621e-8
54.0,0.0,5.499999999999894e6,0.0,0.0,2.4936744120861148e6,0.001670009138410889,4477.924635782474,5443.440069189067,3722.1456519313288,26853.27853289386,25.182290433683495,6.112532172381243,0.0,4.117787010796347e8,0.0,0.0,1.1955822637603644e6,0.0016741970945872656,44713.07415725834,642.515680261661,22972.347981200335,49692.29001756252,37576.29770785385,16082.171527932833,4479.025983744415,4443.231475124449,8.112660297937335,3.5818740082678993,2.1471143939792072,408174.6431717958,1.4290795506767555e-6,6.959912385162575e-46,1.7512091175947098,1.4711098242624706e-8,5.735152068516291e-8
54.05882775968883,0.0,5.4999999999998985e6,0.0,0.0,2.4937226031993898e6,0.0016216030851227776,4483.345902739956,5427.452325535209,3716.1239771499936,26856.170634993665,24.88774459252228,6.103593264894476,0.0,4.1181935134771496e8,0.0,0.0,1.1956159200197414e6,0.0016256696512868608,44739.08766173447,644.0515529741796,22918.5484708495,49546.34048889618,37465.93363166739,16062.437804874797,4481.130311577141,4415.1444863379065,8.095154262702367,3.5668761380573386,2.1362091297695947,408165.030908757,1.3746569990688252e-6,5.500592536607216e-46,1.7460657007938984,1.4150866938059024e-8,5.567510405088931e-8
54.05882775968883,0.0,5.4999999999998985e6,0.0,0.0,2.4937226031993898e6,0.0016216030851227776,4483.345902739956,5427.452325535209,3716.1239771499936,26856.170634993665,24.88774459252228,6.103593264894476,0.0,4.1181935134771496e8,0.0,0.0,1.1956159200197414e6,0.0016256696512868608,44739.08766173447,644.0515529741796,22918.5484708495,49546.34048889618,37465.93363166739,16062.437804874797,4481.130311577141,4415.1444863379065,8.095154262702367,3.5668761380573386,2.1362091297695947,408165.030908757,1.3746569990688252e-6,5.500592536607216e-46,1.7460657007938984,1.4150866938059024e-8,5.567510405088931e-8
54.334614966281556,0.0,5.499999999999918e6,0.0,0.0,2.4939436758781187e6,0.0014127266274417708,4508.727058839212,5353.124875626999,3687.938139995325,26869.7108084205,23.552178792654974,6.061855321234441,0.0,4.1200976231075925e8,0.0,0.0,1.1957703152787609e6,0.0014162693848248568,44860.87691735098,651.3002394547644,22668.375272760295,48867.81720219079,36952.84807641052,15969.839098256676,4491.660652835472,4287.123820949862,8.013502767796897,3.4973485449967434,2.0857921286818737,408120.1186637556,1.145893507320654e-6,1.8252317746254555e-46,1.7221538177594609,1.1795951999272552e-8,4.84477832858542e-8
54.334614966281556,0.0,5.499999999999918e6,0.0,0.0,2.4939436758781187e6,0.0014127266274417708,4508.727058839212,5353.124875626999,3687.938139995325,26869.7108084205,23.552178792654974,6.061855321234441,0.0,4.1200976231075925e8,0.0,0.0,1.1957703152787609e6,0.0014162693848248568,44860.87691735098,651.3002394547644,22668.375272760295,48867.81720219079,36952.84807641052,15969.839098256676,4491.660652835472,4287.123820949862,8.013502767796897,3.4973485449967434,2.0857921286818737,408120.1186637556,1.145893507320654e-6,1.8252317746254555e-46,1.7221538177594609,1.1795951999272552e-8,4.84477832858542e-8
54.5,0.0,5.499999999999928e6,0.0,0.0,2.494072497379165e6,0.0013006044247307847,4523.9208810933615,5309.041062232188,3671.0713488275205,26877.816309499718,22.78588996556619,6.036958265596469,0.0,4.1212382274510294e8,0.0,0.0,1.1958602831080542e6,0.0013038660082804153,44933.783042383104,655.6856591785353,22519.950893982845,48465.38318493129,36648.53563396659,15914.247126422391,4498.4905175293825,4213.155253758093,7.964868521917901,3.456268251743684,2.056110983601227,408093.30411359476,1.0273992059437362e-6,9.419216818037657e-47,1.7079716145985135,1.057615933253404e-8,4.457290212027282e-8
54.623786422028104,0.0,5.499999999999935e6,0.0,0.0,2.494167120750771e6,0.0012225463888077233,4535.279917476515,5276.283183002883,3658.4650748115487,26883.876054050652,22.228701421662223,6.018388255889881,0.0,4.1220913233528376e8,0.0,0.0,1.1959263672576307e6,0.0012256122227496777,44988.28826343299,658.9870317639119,22409.636711615356,48166.34179081171,36422.406598033136,15872.610822025703,4503.849278352767,4159.121428738578,7.92862964697262,3.4258193305413696,2.034163338597523,408073.2920729139,9.467989859541869e-7,5.740843914589788e-47,1.697433077570987,9.746452229268145e-9,4.1877307229620613e-8
54.623786422028104,0.0,5.499999999999935e6,0.0,0.0,2.494167120750771e6,0.0012225463888077233,4535.279917476515,5276.283183002883,3658.4650748115487,26883.876054050652,22.228701421662223,6.018388255889881,0.0,4.1220913233528376e8,0.0,0.0,1.1959263672576307e6,0.0012256122227496777,44988.28826343299,658.9870317639119,22409.636711615356,48166.34179081171,36422.406598033136,15872.610822025703,4503.849278352767,4159.121428738578,7.92862964697262,3.4258193305413696,2.034163338597523,408073.2920729139,9.467989859541869e-7,5.740843914589788e-47,1.697433077570987,9.746452229268145e-9,4.1877307229620613e-8
54.928661667367415,0.0,5.499999999999949e6,0.0,0.0,2.494393778493564e6,0.0010496935504243977,4563.208318601533,5196.462707807207,3627.484897728615,26898.77511508879,20.913806106881484,5.972887663808534,0.0,4.124190174456286e8,0.0,0.0,1.1960846630773968e6,0.0010523259136173233,45122.29980497392,667.1878170746741,22140.753037730938,47437.67354547037,35871.402458218094,15769.97746272526,4517.926835611894,4030.72729422893,7.8399710338893085,3.3519059329362175,1.9810732760669967,408024.21491123055,7.742301220350085e-7,1.6957162144128908e-47,1.67175403311993,7.970010123187738e-9,3.5914535991243445e-8
54.928661667367415,0.0,5.499999999999949e6,0.0,0.0,2.494393778493564e6,0.0010496935504243977,4563.208318601533,5196.462707807207,3627.484897728615,26898.77511508879,20.913806106881484,5.972887663808534,0.0,4.124190174456286e8,0.0,0.0,1.1960846630773968e6,0.0010523259136173233,45122.29980497392,667.1878170746741,22140.753037730938,47437.67354547037,35871.402458218094,15769.97746272526,4517.926835611894,4030.72729422893,7.8399710338893085,3.3519059329362175,1.9810732760669967,408024.21491123055,7.742301220350085e-7,1.6957162144128908e-47,1.67175403311993,7.970010123187738e-9,3.5914535991243445e-8
55.0,0.0,5.499999999999952e6,0.0,0.0,2.4944455301549314e6,0.0010129117444464663,4569.73350939809,5177.960377040712,3620.250082215336,26902.25613125825,20.617534659831026,5.962289162238134,0.0,4.1246808268401456e8,0.0,0.0,1.196120805992964e6,0.0010154518682689714,45153.61022914514,669.12114005794,22078.408750814833,47268.76875065073,35743.680081147504,15745.94638148546,4521.397846803808,4001.6182859208407,7.819347880930089,3.33483068178237,1.9688465676555178,408012.77439243323,7.386216728620652e-7,1.2747522978785772e-47,1.6658016484140088,7.603452960201658e-9,3.4646905525571105e-8
55.24468507228729,0.0,5.49999999999996e6,0.0,0.0,2.494619432124295e6,0.0008962701205370451,4592.086148744077,5114.997834127485,3595.4775635113047,26914.18067130349,19.63286766547085,5.926075654534161,0.0,4.1263623983483e8,0.0,0.0,1.1962422576339275e6,0.0008985177369725913,45260.866884078794,675.7940603137141,21866.204187397387,46693.99384358762,35309.046967208815,15663.483734905562,4533.8005654698145,3904.3703001223234,7.748964599485474,3.276890782559396,1.9274663616019632,407973.65805681294,6.284733957895292e-7,4.790317089949641e-48,1.6455459691079162,6.469574817471156e-9,3.063002193056896e-8
55.24468507228729,0.0,5.49999999999996e6,0.0,0.0,2.494619432124295e6,0.0008962701205370451,4592.086148744077,5114.997834127485,3595.4775635113047,26914.18067130349,19.63286766547085,5.926075654534161,0.0,4.1263623983483e8,0.0,0.0,1.1962422576339275e6,0.0008985177369725913,45260.866884078794,675.7940603137141,21866.204187397387,46693.99384358762,35309.046967208815,15663.483734905562,4533.8005654698145,3904.3703001223234,7.748964599485474,3.276890782559396,1.9274663616019632,407973.65805681294,6.284733957895292e-7,4.790317089949641e-48,1.6455459691079162,6.469574817471156e-9,3.063002193056896e-8
55.5,0.0,5.499999999999967e6,0.0,0.0,2.4947950870318753e6,0.0007888564597571537,4615.36325359229,5050.11608428605,3569.700492013278,26926.59838915811,18.65552369979929,5.888516857269455,0.0,4.128114830479951e8,0.0,0.0,1.196364933511878e6,0.0007908347101792191,45372.559372869146,682.8262295762056,21647.448431300636,46101.69880135217,34861.1654870836,15577.387160015194,4547.545078314601,3807.0365476516467,7.676106073906406,3.2174586928340188,1.8851949957140042,407933.04595530464,5.310126506477504e-7,1.7251894799974958e-48,1.624672861677219,5.466303400193192e-9,2.6935224736402855e-8
55.535423255243515,0.0,5.499999999999968e6,0.0,0.0,2.494819000673056e6,0.0007750075334419691,4618.589043555849,5041.179423490831,3566.130001720428,26928.319262517216,18.523823348128715,5.883324151109286,0.0,4.128357792155706e8,0.0,0.0,1.1963816345933748e6,0.0007769510542956962,45388.03794378815,683.8075223179869,21617.310779383868,46020.11746426841,34799.47533739641,15565.438494701137,4549.515483360921,3793.85552829771,7.6660444406329,3.2092948039338762,1.8794023418741244,407927.4276595005,5.187419206083766e-7,1.4972705966380983e-48,1.6217978485700197,5.33998717632138e-9,2.6459170552855526e-8
55.535423255243515,0.0,5.499999999999968e6,0.0,0.0,2.494819000673056e6,0.0007750075334419691,4618.589043555849,5041.179423490831,3566.130001720428,26928.319262517216,18.523823348128715,5.883324151109286,0.0,4.128357792155706e8,0.0,0.0,1.1963816345933748e6,0.0007769510542956962,45388.03794378815,683.8075223179869,21617.310779383868,46020.11746426841,34799.47533739641,15565.438494701137,4549.515483360921,3793.85552829771,7.6660444406329,3.2092948039338762,1.8794023418741244,407927.4276595005,5.187419206083766e-7,1.4972705966380983e-48,1.6217978485700197,5.33998717632138e-9,2.6459170552855526e-8
55.819506359811,0.0,5.499999999999975e6,0.0,0.0,2.49500684909522e6,0.0006723850702352713,4644.425805091115,4970.079880394318,3537.549066076748,26942.102489291636,17.500705867601777,5.841841270999692,0.0,4.130304710995298e8,0.0,0.0,1.1965128263171243e6,0.0006740712401747212,45512.012516743955,691.72704372379,21377.477741441424,45371.06118383613,34308.67216700454,15469.592242115266,4565.8644865378565,3690.9021290697933,7.585767686744712,3.1445377672728774,1.8335749748533392,407882.5144061601,4.30054372203282e-7,4.80615074034353e-49,1.59892441481353,4.42702790632394e-9,2.293396498478183e-8
55.819506359811,0.0,5.499999999999975e6,0.0,0.0,2.49500684909522e6,0.0006723850702352713,4644.425805091115,4970.079880394318,3537.549066076748,26942.102489291636,17.500705867601777,5.841841270999692,0.0,4.130304710995298e8,0.0,0.0,1.1965128263171243e6,0.0006740712401747212,45512.012516743955,691.72704372379,21377.477741441424,45371.06118383613,34308.67216700454,15469.592242115266,4565.8644865378565,3690.9021290697933,7.585767686744712,3.1445377672728774,1.8335749748533392,407882.5144061601,4.30054372203282e-7,4.80615074034353e-49,1.59892441481353,4.42702790632394e-9,2.293396498478183e-8
56.0,0.0,5.499999999999979e6,0.0,0.0,2.4951226454078592e6,0.0006143620285897904,4660.810843668273,4925.428277412281,3519.4401434489487,26950.843472637735,16.880221253330813,5.815633137287011,0.0,4.131540259832983e8,0.0,0.0,1.1965936974667672e6,0.0006159026915676061,45590.63408497742,696.8050546385382,21226.80352174447,44963.44388782191,34000.440252771106,15408.681687748565,4576.74780216496,3627.959916780478,7.535146144827172,3.1040485024224713,1.8050314653260449,407854.1108293223,3.817575973032508e-7,2.3347899903238213e-49,1.584559547740571,3.929855619171553e-9,2.094280063492317e-8
56.11163760928372,0.0,5.49999999999998e6,0.0,0.0,2.495192918746655e6,0.0005810086081623091,4670.933362311475,4898.011715389208,3508.259445942909,26956.24356775724,16.507505219408976,5.799480511057717,0.0,4.1323039045534444e8,0.0,0.0,1.1966427757626825e6,0.0005824656292845985,45639.2057109056,699.9639813413268,21134.266219276527,44713.162505596265,33811.182559402165,15371.004876176397,4583.66802905364,3589.957365974653,7.50398486854945,3.0792572891263315,1.7875967778969237,407836.5941087538,3.5464064991011724e-7,1.4938721018532106e-49,1.5757393656342558,3.6507107837542873e-9,1.9798916273352938e-8
56.11163760928372,0.0,5.49999999999998e6,0.0,0.0,2.495192918746655e6,0.0005810086081623091,4670.933362311475,4898.011715389208,3508.259445942909,26956.24356775724,16.507505219408976,5.799480511057717,0.0,4.1323039045534444e8,0.0,0.0,1.1966427757626825e6,0.0005824656292845985,45639.2057109056,699.9639813413268,21134.266219276527,44713.162505596265,33811.182559402165,15371.004876176397,4583.66802905364,3589.957365974653,7.50398486854945,3.0792572891263315,1.7875967778969237,407836.5941087538,3.5464064991011724e-7,1.4938721018532106e-49,1.5757393656342558,3.6507107837542873e-9,1.9798916273352938e-8
56.39522492083822,0.0,5.499999999999984e6,0.0,0.0,2.495366911346872e6,0.0005041994465526774,4696.606464933279,4829.051082665623,3479.927451177677,26969.93948682675,15.597300146684116,5.758645485185945,0.0,4.134241836590069e8,0.0,0.0,1.1967642906994554e6,0.0005054638499249398,45762.39478582397,708.0510461528012,20901.433048259256,44083.63198569435,33335.14438018547,15275.29545458207,4601.882279574857,3496.5031387696654,7.425338501219103,3.0171381722373476,1.7440533599054622,407792.2727442927,2.941051620415424e-7,4.804760998971171e-50,1.5535540405975226,3.027551791520594e-9,1.7166746524029075e-8
56.39522492083822,0.0,5.499999999999984e6,0.0,0.0,2.495366911346872e6,0.0005041994465526774,4696.606464933279,4829.051082665623,3479.927451177677,26969.93948682675,15.597300146684116,5.758645485185945,0.0,4.134241836590069e8,0.0,0.0,1.1967642906994554e6,0.0005054638499249398,45762.39478582397,708.0510461528012,20901.433048259256,44083.63198569435,33335.14438018547,15275.29545458207,4601.882279574857,3496.5031387696654,7.425338501219103,3.0171381722373476,1.7440533599054622,407792.2727442927,2.941051620415424e-7,4.804760998971171e-50,1.5535540405975226,3.027551791520594e-9,1.7166746524029075e-8
56.5,0.0,5.499999999999985e6,0.0,0.0,2.4954295897043506e6,0.00047846562895506627,4706.077006721825,4803.819022708626,3469.4855687640625,26974.991769589178,15.273859990285999,5.743629612399297,0.0,4.1349571363081837e8,0.0,0.0,1.1968080647256875e6,0.00047966549848863833,45807.83793948987,711.0617605536021,20816.214151383963,43853.29256953754,33160.966397892706,15239.936755604978,4608.838225284402,3463.0611384323984,7.39646695594627,2.994495637388796,1.7282328628847858,407775.96112092485,2.7445459711925554e-7,3.1597946242091186e-50,1.5454366346184831,2.8252666983836323e-9,1.6285557622182363e-8
56.71994037922298,0.0,5.499999999999988e6,0.0,0.0,2.4955584175002407e6,0.0004286386206774276,4725.931451742334,4751.280746546123,3447.612384657327,26985.583589206977,14.616556630238714,5.712233200118888,0.0,4.1364574514327705e8,0.0,0.0,1.1968980369512455e6,0.0004297135368066936,45903.106858937215,717.4220840570019,20638.722740885074,43373.679097213484,32798.29244490852,15165.722951098945,4623.828817430733,3394.698644394496,7.336185798508359,2.947500032943814,1.6954849903403284,407741.8312845313,2.373712081388664e-7,1.3109412471202272e-50,1.5285345458351678,2.443526168981789e-9,1.4580402082535208e-8
56.71994037922298,0.0,5.499999999999988e6,0.0,0.0,2.4955584175002407e6,0.0004286386206774276,4725.931451742334,4751.280746546123,3447.612384657327,26985.583589206977,14.616556630238714,5.712233200118888,0.0,4.1364574514327705e8,0.0,0.0,1.1968980369512455e6,0.0004297135368066936,45903.106858937215,717.4220840570019,20638.722740885074,43373.679097213484,32798.29244490852,15165.722951098945,4623.828817430733,3394.698644394496,7.336185798508359,2.947500032943814,1.6954849903403284,407741.8312845313,2.373712081388664e-7,1.3109412471202272e-50,1.5285345458351678,2.443526168981789e-9,1.4580402082535208e-8
57.0,0.0,5.499999999999991e6,0.0,0.0,2.495717217217662e6,0.0003726294065029903,4751.162466960063,4685.212310611235,3419.852307515188,26999.043666362486,13.820363291879255,5.672497744922142,0.0,4.138365481261042e8,0.0,0.0,1.197008941309235e6,0.00037356386583531977,46024.17447813668,725.6005092033653,20415.426832656773,42770.55097035498,32342.219224664936,15071.253919292423,4643.663507197403,3311.1256549732652,7.260063620174846,2.8886953647206353,1.6546780542867632,407698.5890150884,1.973119236185529e-7,4.2763163386661336e-51,1.507279669325932,2.031151419091407e-9,1.2665439048872926e-8
57.01353441847183,0.0,5.499999999999991e6,0.0,0.0,2.4957247460390073e6,0.00037011625843193474,4752.380372803532,4682.042802019024,3418.513398491813,26999.693386814728,13.78300384390972,5.670584323625902,0.0,4.1384576228002137e8,0.0,0.0,1.1970141993733633e6,0.00037104441543109475,46030.018433320256,725.9980160319946,20404.711905800777,42741.61703606108,32320.339972209626,15066.689652054158,4644.64286579994,3307.1824769060454,7.256402906392541,2.8858826550079693,1.652730980178244,407696.50537860347,1.95557240912636e-7,4.050961636774761e-51,1.5062600067165077,2.0130885187750482e-9,1.2579560414455428e-8
57.01353441847183,0.0,5.499999999999991e6,0.0,0.0,2.4957247460390073e6,0.00037011625843193474,4752.380372803532,4682.042802019024,3418.513398491813,26999.693386814728,13.78300384390972,5.670584323625902,0.0,4.1384576228002137e8,0.0,0.0,1.1970141993733633e6,0.00037104441543109475,46030.018433320256,725.9980160319946,20404.711905800777,42741.61703606108,32320.339972209626,15066.689652054158,4644.64286579994,3307.1824769060454,7.256402906392541,2.8858826550079693,1.652730980178244,407696.50537860347,1.95557240912636e-7,4.050961636774761e-51,1.5062600067165077,2.0130885187750482e-9,1.2579560414455428e-8
57.29848699837328,0.0,5.499999999999993e6,0.0,0.0,2.495880220381328e6,0.0003209678230260719,4777.991475429731,4615.80776085788,3390.3817607554183,27013.356230512,13.019468712515419,5.630445798896096,0.0,4.1403961165904176e8,0.0,0.0,1.1971227813179593e6,0.00032177272830829037,46152.90978848458,734.4159299615088,20180.7373443028,42136.967994470695,31863.11666968472,14970.624281114797,4665.698906422206,3226.1408453525337,7.179715947809286,2.8272809412908866,1.612264819465748,407652.7673483866,1.620304736069659e-7,1.2958203280153955e-51,1.484951531602284,1.6679602117953153e-9,1.0900925689851356e-8
57.29848699837328,0.0,5.499999999999993e6,0.0,0.0,2.495880220381328e6,0.0003209678230260719,4777.991475429731,4615.80776085788,3390.3817607554183,27013.356230512,13.019468712515419,5.630445798896096,0.0,4.1403961165904176e8,0.0,0.0,1.1971227813179593e6,0.00032177272830829037,46152.90978848458,734.4159299615088,20180.7373443028,42136.967994470695,31863.11666968472,14970.624281114797,4665.698906422206,3226.1408453525337,7.179715947809286,2.8272809412908866,1.612264819465748,407652.7673483866,1.620304736069659e-7,1.2958203280153955e-51,1.484951531602284,1.6679602117953153e-9,1.0900925689851356e-8
57.5,0.0,5.4999999999999935e6,0.0,0.0,2.4959867436019583e6,0.0002902040735799365,4796.06794571008,4569.5340082048715,3370.5549455142386,27022.999547770447,12.505184374458082,5.602228875195831,0.0,4.141765315993727e8,0.0,0.0,1.197197176219832e6,0.000290931831239703,46239.64721438119,740.4254771998093,20024.194305414727,41714.5423450942,31543.686989958995,14902.729692388024,4681.084274533346,3171.0422398097085,7.125927895908545,2.7865430720008626,1.5842481304762774,407621.98677454656,1.4185222477846903e-7,5.787364726466001e-52,1.4700648026018515,1.4602430440780211e-9,9.851081464507299e-9
57.58609188698858,0.0,5.499999999999994e6,0.0,0.0,2.4960314093336277e6,0.0002779770159972427,4803.781830129491,4549.906293175149,3362.101649454664,27027.114700429414,12.291708911620459,5.590216167191694,0.0,4.142349855109109e8,0.0,0.0,1.1972283703829916e6,0.0002786741113210108,46276.66120747955,743.007286055275,19957.776925490063,41535.36408949689,31408.196039638944,14873.735330189404,4687.779979579858,3148.042576264158,7.10305995890579,2.769314622017595,1.572428040277781,407608.87424214015,1.340168046255038e-7,4.101322434634838e-52,1.4637503703806236,1.3795843440236414e-9,9.434020076061206e-9
57.58609188698858,0.0,5.499999999999994e6,0.0,0.0,2.4960314093336277e6,0.0002779770159972427,4803.781830129491,4549.906293175149,3362.101649454664,27027.114700429414,12.291708911620459,5.590216167191694,0.0,4.142349855109109e8,0.0,0.0,1.1972283703829916e6,0.0002786741113210108,46276.66120747955,743.007286055275,19957.776925490063,41535.36408949689,31408.196039638944,14873.735330189404,4687.779979579858,3148.042576264158,7.10305995890579,2.769314622017595,1.572428040277781,407608.87424214015,1.340168046255038e-7,4.101322434634838e-52,1.4637503703806236,1.3795843440236414e-9,9.434020076061206e-9
57.87311974285359,0.0,5.499999999999995e6,0.0,0.0,2.496176763120268e6,0.00024081391686905522,4829.461347609069,4485.075123098773,3333.9943515844157,27040.81404162643,11.605968510698059,5.5503485409529185,0.0,4.1442968747032976e8,0.0,0.0,1.1973298842184725e6,0.000241417816636615,46399.88074373892,751.6774401014418,19738.322552657573,40943.53075755717,30960.663719949654,14777.128450440077,4710.623921331161,3073.6191064907393,7.027301401151251,2.712627712812227,1.5336570091080515,407565.3201968269,1.1088867996276327e-7,1.3010843334856564e-52,1.4428935345759222,1.1415008099571164e-9,8.167140208567592e-9
57.87311974285359,0.0,5.499999999999995e6,0.0,0.0,2.496176763120268e6,0.00024081391686905522,4829.461347609069,4485.075123098773,3333.9943515844157,27040.81404162643,11.605968510698059,5.5503485409529185,0.0,4.1442968747032976e8,0.0,0.0,1.1973298842184725e6,0.000241417816636615,46399.88074373892,751.6774401014418,19738.322552657573,40943.53075755717,30960.663719949654,14777.128450440077,4710.623921331161,3073.6191064907393,7.027301401151251,2.712627712812227,1.5336570091080515,407565.3201968269,1.1088867996276327e-7,1.3010843334856564e-52,1.4428935345759222,1.1415008099571164e-9,8.167140208567592e-9
58.0,0.0,5.499999999999996e6,0.0,0.0,2.496239308007204e6,0.0002260111597545659,4840.79416142795,4456.711812895927,3321.6071524515123,27046.859797093533,11.31516071910486,5.532814244799928,0.0,4.145156661755215e8,0.0,0.0,1.1973735650300242e6,0.00022657793798987826,46454.25963658616,755.5408540218207,19642.27538500009,40684.60665677495,30764.870585501525,14734.455733094275,4720.9732936415185,3041.794377527778,6.994048547343702,2.6879346021092325,1.5168266125306875,407546.14673901786,1.0198093103336171e-7,7.832346243947497e-53,1.433768774008288,1.0498034311263158e-9,7.66284758816711e-9
58.17322949073351,0.0,5.499999999999996e6,0.0,0.0,2.496323051679904e6,0.00020725908564868465,4856.248278747069,4418.276809598613,3304.7326444561727,27055.10415862206,10.92985066934324,5.508962560794478,0.0,4.146329647799984e8,0.0,0.0,1.1974320508913805e6,0.00020777883847391672,46528.4140055432,760.8462149129363,19512.085417331346,40333.73968783139,30499.55212618563,14676.230087165457,4735.347395102072,2999.3705954208926,6.9488815913173045,2.6545785031066607,1.4941486659742573,407520.0476732819,9.096314106922648e-8,3.917070616897801e-53,1.4214038490335117,9.363850480792634e-10,7.024299813349516e-9
58.17322949073351,0.0,5.499999999999996e6,0.0,0.0,2.496323051679904e6,0.00020725908564868465,4856.248278747069,4418.276809598613,3304.7326444561727,27055.10415862206,10.92985066934324,5.508962560794478,0.0,4.146329647799984e8,0.0,0.0,1.1974320508913805e6,0.00020777883847391672,46528.4140055432,760.8462149129363,19512.085417331346,40333.73968783139,30499.55212618563,14676.230087165457,4735.347395102072,2999.3705954208926,6.9488815913173045,2.6545785031066607,1.4941486659742573,407520.0476732819,9.096314106922648e-8,3.917070616897801e-53,1.4214038490335117,9.363850480792634e-10,7.024299813349516e-9
58.496828823433304,0.0,5.499999999999997e6,0.0,0.0,2.496474524805745e6,0.0001762969811312292,4885.059853785375,4347.364465591465,3273.328696958946,27070.474369412288,10.244877945509101,5.464677262351639,0.0,4.148518110972831e8,0.0,0.0,1.1975378384207722e6,0.00017673908891017675,46666.66218993483,770.8521674101811,19271.7713777286,39686.39229311195,30010.041205694994,14567.582901030788,4762.939192421226,2923.179851627298,6.8652268426621,2.5933595099287903,1.4526999868905928,407471.53518055845,7.347012211130688e-8,1.073523978787326e-53,1.3985906387065543,7.563099158557089e-10,5.970730122711793e-9
58.496828823433304,0.0,5.499999999999997e6,0.0,0.0,2.496474524805745e6,0.0001762969811312292,4885.059853785375,4347.364465591465,3273.328696958946,27070.474369412288,10.244877945509101,5.464677262351639,0.0,4.148518110972831e8,0.0,0.0,1.1975378384207722e6,0.00017673908891017675,46666.66218993483,770.8521674101811,19271.7713777286,39686.39229311195,30010.041205694994,14567.582901030788,4762.939192421226,2923.179851627298,6.8652268426621,2.5933595099287903,1.4526999868905928,407471.53518055845,7.347012211130688e-8,1.073523978787326e-53,1.3985906387065543,7.563099158557089e-10,5.970730122711793e-9
58.5,0.0,5.499999999999997e6,0.0,0.0,2.4964759778937665e6,0.0001760176681997319,4885.341829708523,4346.675207226904,3273.0217182420283,27070.624796085256,10.238382351293952,5.464245017414444,0.0,4.1485395397414285e8,0.0,0.0,1.1975388532449591e6,0.00017645907553322097,46668.01521050984,770.9508401272757,19269.434814092157,39680.10016423986,30005.2832259519,14566.519024863792,4763.214283214119,2922.4523359853697,6.864411673099294,2.592766546435419,1.4522996205372447,407471.06132443994,7.331651167736806e-8,1.0599926443782504e-53,1.3983688973966493,7.547286324983984e-10,5.9612302781459455e-9
58.78389679919269,0.0,5.499999999999998e6,0.0,0.0,2.4966036667383746e6,0.00015272455089232736,4910.5565122688595,4285.410697457866,3245.601087120125,27084.07616017607,9.67325005606813,5.4256847438598745,0.0,4.1504565553275824e8,0.0,0.0,1.1976280300367295e6,0.00015310754503977398,46789.00419432551,779.8332630773209,19061.69136542322,39120.82629694156,29582.371715088673,14471.347348359093,4788.204378568456,2858.772701880939,6.791796684077748,2.540222972199532,1.4169074783256355,407428.761318526,6.078931039763446e-8,3.405050740409003e-54,1.3786594918234887,6.257721893145484e-10,5.169303008061971e-9
58.78389679919269,0.0,5.499999999999998e6,0.0,0.0,2.4966036667383746e6,0.00015272455089232736,4910.5565122688595,4285.410697457866,3245.601087120125,27084.07616017607,9.67325005606813,5.4256847438598745,0.0,4.1504565553275824e8,0.0,0.0,1.1976280300367295e6,0.00015310754503977398,46789.00419432551,779.8332630773209,19061.69136542322,39120.82629694156,29582.371715088673,14471.347348359093,4788.204378568456,2858.772701880939,6.791796684077748,2.540222972199532,1.4169074783256355,407428.761318526,6.078931039763446e-8,3.405050740409003e-54,1.3786594918234887,6.257721893145484e-10,5.169303008061971e-9
59.0,0.0,5.499999999999998e6,0.0,0.0,2.496697753544026e6,0.00013708269782836146,4929.711663295309,4239.355414805966,3224.8105881358506,27094.294924977527,9.264072653228308,5.396512297553881,0.0,4.151913971095366e8,0.0,0.0,1.1976937394532543e6,0.00013742646620533623,46880.917381273895,786.6596450361327,18905.443118242205,38700.39501993113,29264.45014467539,14399.002051083658,4807.700851027993,2812.1658791166024,6.737001005751978,2.5009365005161595,1.3905560101390675,407396.72302221216,5.2708980297302674e-8,1.4345440235125827e-54,1.363843046730561,5.425923446564987e-10,4.637864888247022e-9
59.06785417909303,0.0,5.499999999999998e6,0.0,0.0,2.496726754704646e6,0.0001325098905037298,4935.719355147505,4224.996886753561,3218.2973998694006,27097.499869169664,9.139200816952666,5.38738437480298,0.0,4.152371259872784e8,0.0,0.0,1.1977139936146075e6,0.00013284219144843844,46909.74440806437,788.8147201601195,18856.715974221283,38569.31832378963,29165.332616288688,14376.305281042822,4813.90565420135,2797.8534646846533,6.71988088609968,2.488726064538978,1.3823854047701347,407386.6918589444,5.0400549961489215e-8,1.0935511106670774e-54,1.3592237646346497,5.188290977323992e-10,4.482560129320723e-9
59.06785417909303,0.0,5.499999999999998e6,0.0,0.0,2.496726754704646e6,0.0001325098905037298,4935.719355147505,4224.996886753561,3218.2973998694006,27097.499869169664,9.139200816952666,5.38738437480298,0.0,4.152371259872784e8,0.0,0.0,1.1977139936146075e6,0.00013284219144843844,46909.74440806437,788.8147201601195,18856.715974221283,38569.31832378963,29165.332616288688,14376.305281042822,4813.90565420135,2797.8534646846533,6.71988088609968,2.488726064538978,1.3823854047701347,407386.6918589444,5.0400549961489215e-8,1.0935511106670774e-54,1.3592237646346497,5.188290977323992e-10,4.482560129320723e-9
59.35266709017728,0.0,5.499999999999998e6,0.0,0.0,2.4968457326214323e6,0.00011492167764869884,4960.900656129007,4165.256583831836,3191.036812524095,27110.933425069063,8.633158473722672,5.3492363373440535,0.0,4.1542890043753874e8,0.0,0.0,1.1977970867692453e6,0.00011520987184993914,47030.573168530005,797.9216028903287,18653.907566840535,38023.95869416824,28752.942770573853,14281.141591882077,4840.376087023642,2739.398878554291,6.648462900268204,2.4381182319344026,1.348621246918202,407344.7349668155,4.1763617493988996e-8,3.5000026557327545e-55,1.3400047116243912,4.2991952186364504e-10,3.885478918414893e-9
59.35266709017728,0.0,5.499999999999998e6,0.0,0.0,2.4968457326214323e6,0.00011492167764869884,4960.900656129007,4165.256583831836,3191.036812524095,27110.933425069063,8.633158473722672,5.3492363373440535,0.0,4.1542890043753874e8,0.0,0.0,1.1977970867692453e6,0.00011520987184993914,47030.573168530005,797.9216028903287,18653.907566840535,38023.95869416824,28752.942770573853,14281.141591882077,4840.376087023642,2739.398878554291,6.648462900268204,2.4381182319344026,1.348621246918202,407344.7349668155,4.1763617493988996e-8,3.5000026557327545e-55,1.3400047116243912,4.2991952186364504e-10,3.885478918414893e-9
59.5,0.0,5.499999999999998e6,0.0,0.0,2.4969055722900536e6,0.00010676011241426278,4973.904372090794,4134.685357323249,3176.984896630847,27117.870562486245,8.382480516682092,5.32960714737775,0.0,4.1552799769072354e8,0.0,0.0,1.1978388782795737e6,0.0001070278394954459,47092.969574918374,802.6714853816993,18550.076465007078,37744.87887756824,28541.90829701787,14231.982964001449,4854.335540840371,2710.1575723073242,6.611798184689574,2.412343285683214,1.3314874802798051,407323.1243984445,3.7893736900723954e-8,1.9414441588085755e-55,1.3301696422598004,3.9008252534415624e-10,3.6085608519030304e-9
59.65080044123679,0.0,5.499999999999998e6,0.0,0.0,2.496965644871306e6,9.900636657247491e-5,4987.198272206841,4103.626976263317,3162.637859984018,27124.962505449275,8.133438853848007,5.309589582504285,0.0,4.15629351661774e8,0.0,0.0,1.1978808324540823e6,9.925464924042621e-5,47156.758382135966,807.560786602953,18444.55748944841,37461.35190512843,28327.510974992343,14181.71883409332,4868.808584526051,2680.9079417989888,6.574467265618572,2.3862437624263197,1.314181483360126,407301.0710638806,3.430384866785645e-8,1.0620811022973367e-55,1.320177850400462,3.531278019898626e-10,3.3455735498172927e-9
59.65080044123679,0.0,5.499999999999998e6,0.0,0.0,2.496965644871306e6,9.900636657247491e-5,4987.198272206841,4103.626976263317,3162.637859984018,27124.962505449275,8.133438853848007,5.309589582504285,0.0,4.15629351661774e8,0.0,0.0,1.1978808324540823e6,9.925464924042621e-5,47156.758382135966,807.560786602953,18444.55748944841,37461.35190512843,28327.510974992343,14181.71883409332,4868.808584526051,2680.9079417989888,6.574467265618572,2.3862437624263197,1.314181483360126,407301.0710638806,3.430384866785645e-8,1.0620811022973367e-55,1.320177850400462,3.531278019898626e-10,3.3455735498172927e-9
59.949836185644536,0.0,5.499999999999998e6,0.0,0.0,2.497081340962778e6,8.525666412612805e-5,5013.512554817933,4042.7268366938692,3134.295386269326,27139.000476980775,7.661262023257219,5.27011422028175,0.0,4.1583010967408115e8,0.0,0.0,1.197961633610123e6,8.54704660538492e-5,47283.02354958834,817.3393390207019,18237.552918563462,36905.40431161123,27907.114728198834,14082.207162881188,4898.05316628761,2624.869171981104,6.501026707347435,2.3353219923383772,1.2805440249385396,407257.535755377,2.8159758707519392e-8,3.2112888454075348e-56,1.3005856663190425,2.898798305298429e-10,2.8794585175148127e-9
59.949836185644536,0.0,5.499999999999998e6,0.0,0.0,2.497081340962778e6,8.525666412612805e-5,5013.512554817933,4042.7268366938692,3134.295386269326,27139.000476980775,7.661262023257219,5.27011422028175,0.0,4.1583010967408115e8,0.0,0.0,1.197961633610123e6,8.54704660538492e-5,47283.02354958834,817.3393390207019,18237.552918563462,36905.40431161123,27907.114728198834,14082.207162881188,4898.05316628761,2624.869171981104,6.501026707347435,2.3353219923383772,1.2805440249385396,407257.535755377,2.8159758707519392e-8,3.2112888454075348e-56,1.3005856663190425,2.898798305298429e-10,2.8794585175148127e-9
60.0,0.0,5.499999999999998e6,0.0,0.0,2.497100312475235e6,8.314485914901907e-5,5017.920663166778,4032.5996126280997,3129.55500022594,27141.35208581689,7.5847827575387,5.263520601762808,0.0,4.158637578214582e8,0.0,0.0,1.1979748831513904e6,8.33533652094939e-5,47304.17519963154,818.9905829277426,18203.116526598886,36812.95450949527,27837.206070904238,14065.535748072241,4903.028977150623,2615.7166352390595,6.488783004504343,2.326887140009857,1.2749886553577299,407250.25809321506,2.724270680635564e-8,2.6274587087428417e-56,1.2973276370339946,2.8043959225535824e-10,2.8078970819089186e-9
60.0,0.0,5.499999999999998e6,0.0,0.0,2.497100312475235e6,8.314485914901907e-5,5017.920663166778,4032.5996126280997,3129.55500022594,27141.35208581689,7.5847827575387,5.263520601762808,0.0,4.158637578214582e8,0.0,0.0,1.1979748831513904e6,8.33533652094939e-5,47304.17519963154,818.9905829277426,18203.116526598886,36812.95450949527,27837.206070904238,14065.535748072241,4903.028977150623,2615.7166352390595,6.488783004504343,2.326887140009857,1.2749886553577299,407250.25809321506,2.724270680635564e-8,2.6274587087428417e-56,1.2973276370339946,2.8043959225535824e-10,2.8078970819089186e-9
